# callgrind format
version: 1
creator: xtree-1
pid: 116356
cmd: ./program

positions: line
event: RB : Reachable Bytes
event: PB : Possibly lost Bytes
event: IB : Indirectly lost Bytes
event: DB : Definitely lost Bytes (direct plus indirect)
event: DIB : Definitely Indirectly lost Bytes (subset of DB)
event: RBk : reachable Blocks
event: PBk : Possibly lost Blocks
event: IBk : Indirectly lost Blocks
event: DBk : Definitely lost Blocks
event: iRB : increase Reachable Bytes
event: iPB : increase Possibly lost Bytes
event: iIB : increase Indirectly lost Bytes
event: iDB : increase Definitely lost Bytes
event: iDIB : increase Definitely Indirectly lost Bytes
event: iRBk : increase reachable Blocks
event: iPBk : increase Possibly lost Blocks
event: iIBk : increase Indirectly lost Blocks
event: iDBk : increase Definitely lost Blocks
event: dRB : decrease Reachable Bytes
event: dPB : decrease Possibly lost Bytes
event: dIB : decrease Indirectly lost Bytes
event: dDB : decrease Definitely lost Bytes
event: dDIB : decrease Definitely Indirectly lost Bytes
event: dRBk : decrease reachable Blocks
event: dPBk : decrease Possibly lost Blocks
event: dIBk : decrease Indirectly lost Blocks
event: dDBk : decrease Definitely lost Blocks
events: RB  PB  IB  DB  DIB  RBk  PBk  IBk  DBk  iRB  iPB  iIB  iDB  iDIB  iRBk  iPBk  iIBk  iDBk  dRB  dPB  dIB  dDB  dDIB  dRBk  dPBk  dIBk  dDBk 
fl=(1) /home/mehmetap/sources/repos/projects/main/murmursh-copyxd/sh/srcs/program.c
fn=(1) main
473
cfi=(2) ./string/./string/strdup.c
cfn=(2) strdup
calls=0 42
473 2 0 0 0 0 1 0 0 0 2 0 0 0 0 1 0 0 0 0 0 0 0 0 0 0 0 0
fl=(2)
fn=(2)
42
cfi=(3) ./coregrind/m_replacemalloc/vg_replace_malloc.c
cfn=(3) malloc
calls=0 381
42 2 0 0 0 0 1 0 0 0 2 0 0 0 0 1 0 0 0 0 0 0 0 0 0 0 0 0
fl=(3)
fn=(3)
381 2 0 0 0 0 1 0 0 0 2 0 0 0 0 1 0 0 0 0 0 0 0 0 0 0 0 0

fl=(1)
fn=(1)
548
cfi=(1)
cfn=(4) parser
calls=0 438
548 0 0 2 0 0 0 0 1 0 0 0 2 0 0 0 0 1 0 0 0 0 0 0 0 0 0 0
fl=(1)
fn=(4)
438
cfi=(4) /home/mehmetap/sources/repos/projects/main/murmursh-copyxd/sh/testing/testing.c
cfn=(5) run_test
calls=0 407
438 0 0 2 0 0 0 0 1 0 0 0 2 0 0 0 0 1 0 0 0 0 0 0 0 0 0 0
fl=(4)
fn=(5)
407
cfi=(4)
cfn=(6) all_tests
calls=0 67
407 0 0 2 0 0 0 0 1 0 0 0 2 0 0 0 0 1 0 0 0 0 0 0 0 0 0 0
fl=(4)
fn=(6)
67
cfi=(2)
cfn=(2)
calls=0 42
67 0 0 2 0 0 0 0 1 0 0 0 2 0 0 0 0 1 0 0 0 0 0 0 0 0 0 0
fl=(2)
fn=(2)
42
cfi=(3)
cfn=(3)
calls=0 381
42 0 0 2 0 0 0 0 1 0 0 0 2 0 0 0 0 1 0 0 0 0 0 0 0 0 0 0
fl=(3)
fn=(3)
381 0 0 2 0 0 0 0 1 0 0 0 2 0 0 0 0 1 0 0 0 0 0 0 0 0 0 0

fl=(1)
fn=(1)
473
cfi=(2)
cfn=(2)
calls=0 42
473 5 0 0 0 0 1 0 0 0 5 0 0 0 0 1 0 0 0 0 0 0 0 0 0 0 0 0
fl=(2)
fn=(2)
42
cfi=(3)
cfn=(3)
calls=0 381
42 5 0 0 0 0 1 0 0 0 5 0 0 0 0 1 0 0 0 0 0 0 0 0 0 0 0 0
fl=(3)
fn=(3)
381 5 0 0 0 0 1 0 0 0 5 0 0 0 0 1 0 0 0 0 0 0 0 0 0 0 0 0

fl=(1)
fn=(1)
548
cfi=(1)
cfn=(4)
calls=0 438
548 0 0 5 0 0 0 0 1 0 0 0 5 0 0 0 0 1 0 0 0 0 0 0 0 0 0 0
fl=(1)
fn=(4)
438
cfi=(4)
cfn=(5)
calls=0 407
438 0 0 5 0 0 0 0 1 0 0 0 5 0 0 0 0 1 0 0 0 0 0 0 0 0 0 0
fl=(4)
fn=(5)
407
cfi=(4)
cfn=(6)
calls=0 67
407 0 0 5 0 0 0 0 1 0 0 0 5 0 0 0 0 1 0 0 0 0 0 0 0 0 0 0
fl=(4)
fn=(6)
67
cfi=(2)
cfn=(2)
calls=0 42
67 0 0 5 0 0 0 0 1 0 0 0 5 0 0 0 0 1 0 0 0 0 0 0 0 0 0 0
fl=(2)
fn=(2)
42
cfi=(3)
cfn=(3)
calls=0 381
42 0 0 5 0 0 0 0 1 0 0 0 5 0 0 0 0 1 0 0 0 0 0 0 0 0 0 0
fl=(3)
fn=(3)
381 0 0 5 0 0 0 0 1 0 0 0 5 0 0 0 0 1 0 0 0 0 0 0 0 0 0 0

fl=(1)
fn=(1)
541
cfi=(5) UnknownFile???
cfn=(7) readline
calls=0 0
541 8 0 0 0 0 1 0 0 0 8 0 0 0 0 1 0 0 0 0 0 0 0 0 0 0 0 0
fl=(5)
fn=(7)
0
cfi=(5)
cfn=(8) rl_set_prompt
calls=0 0
0 8 0 0 0 0 1 0 0 0 8 0 0 0 0 1 0 0 0 0 0 0 0 0 0 0 0 0
fl=(5)
fn=(8)
0
cfi=(5)
cfn=(9) rl_expand_prompt
calls=0 0
0 8 0 0 0 0 1 0 0 0 8 0 0 0 0 1 0 0 0 0 0 0 0 0 0 0 0 0
fl=(5)
fn=(9)
0
cfi=(5)
cfn=(10) UnknownFn???
calls=0 0
0 8 0 0 0 0 1 0 0 0 8 0 0 0 0 1 0 0 0 0 0 0 0 0 0 0 0 0
fl=(5)
fn=(10)
0
cfi=(5)
cfn=(11) xrealloc
calls=0 0
0 8 0 0 0 0 1 0 0 0 8 0 0 0 0 1 0 0 0 0 0 0 0 0 0 0 0 0
fl=(5)
fn=(11)
0
cfi=(3)
cfn=(3)
calls=0 381
0 8 0 0 0 0 1 0 0 0 8 0 0 0 0 1 0 0 0 0 0 0 0 0 0 0 0 0
fl=(3)
fn=(3)
381 8 0 0 0 0 1 0 0 0 8 0 0 0 0 1 0 0 0 0 0 0 0 0 0 0 0 0

fl=(1)
fn=(1)
541
cfi=(5)
cfn=(7)
calls=0 0
541 8 0 0 0 0 1 0 0 0 8 0 0 0 0 1 0 0 0 0 0 0 0 0 0 0 0 0
fl=(5)
fn=(7)
0
cfi=(5)
cfn=(12) rl_initialize
calls=0 0
0 8 0 0 0 0 1 0 0 0 8 0 0 0 0 1 0 0 0 0 0 0 0 0 0 0 0 0
fl=(5)
fn=(12)
0
cfi=(5)
cfn=(13) _rl_init_terminal_io
calls=0 0
0 8 0 0 0 0 1 0 0 0 8 0 0 0 0 1 0 0 0 0 0 0 0 0 0 0 0 0
fl=(5)
fn=(13)
0
cfi=(5)
cfn=(14) tgetent_sp
calls=0 0
0 8 0 0 0 0 1 0 0 0 8 0 0 0 0 1 0 0 0 0 0 0 0 0 0 0 0 0
fl=(5)
fn=(14)
0
cfi=(5)
cfn=(15) _nc_trim_sgr0
calls=0 0
0 8 0 0 0 0 1 0 0 0 8 0 0 0 0 1 0 0 0 0 0 0 0 0 0 0 0 0
fl=(5)
fn=(15)
0
cfi=(2)
cfn=(2)
calls=0 42
0 8 0 0 0 0 1 0 0 0 8 0 0 0 0 1 0 0 0 0 0 0 0 0 0 0 0 0
fl=(2)
fn=(2)
42
cfi=(3)
cfn=(3)
calls=0 381
42 8 0 0 0 0 1 0 0 0 8 0 0 0 0 1 0 0 0 0 0 0 0 0 0 0 0 0
fl=(3)
fn=(3)
381 8 0 0 0 0 1 0 0 0 8 0 0 0 0 1 0 0 0 0 0 0 0 0 0 0 0 0

fl=(1)
fn=(1)
541
cfi=(5)
cfn=(7)
calls=0 0
541 9 0 0 0 0 1 0 0 0 9 0 0 0 0 1 0 0 0 0 0 0 0 0 0 0 0 0
fl=(5)
fn=(7)
0
cfi=(5)
cfn=(12)
calls=0 0
0 9 0 0 0 0 1 0 0 0 9 0 0 0 0 1 0 0 0 0 0 0 0 0 0 0 0 0
fl=(5)
fn=(12)
0
cfi=(5)
cfn=(13)
calls=0 0
0 9 0 0 0 0 1 0 0 0 9 0 0 0 0 1 0 0 0 0 0 0 0 0 0 0 0 0
fl=(5)
fn=(13)
0
cfi=(5)
cfn=(16) _rl_reset_region_color
calls=0 0
0 9 0 0 0 0 1 0 0 0 9 0 0 0 0 1 0 0 0 0 0 0 0 0 0 0 0 0
fl=(5)
fn=(16)
0
cfi=(5)
cfn=(17) xmalloc
calls=0 0
0 9 0 0 0 0 1 0 0 0 9 0 0 0 0 1 0 0 0 0 0 0 0 0 0 0 0 0
fl=(5)
fn=(17)
0
cfi=(3)
cfn=(3)
calls=0 381
0 9 0 0 0 0 1 0 0 0 9 0 0 0 0 1 0 0 0 0 0 0 0 0 0 0 0 0
fl=(3)
fn=(3)
381 9 0 0 0 0 1 0 0 0 9 0 0 0 0 1 0 0 0 0 0 0 0 0 0 0 0 0

fl=(1)
fn=(1)
541
cfi=(5)
cfn=(7)
calls=0 0
541 11 0 0 0 0 1 0 0 0 11 0 0 0 0 1 0 0 0 0 0 0 0 0 0 0 0 0
fl=(5)
fn=(7)
0
cfi=(5)
cfn=(12)
calls=0 0
0 11 0 0 0 0 1 0 0 0 11 0 0 0 0 1 0 0 0 0 0 0 0 0 0 0 0 0
fl=(5)
fn=(12)
0
cfi=(5)
cfn=(13)
calls=0 0
0 11 0 0 0 0 1 0 0 0 11 0 0 0 0 1 0 0 0 0 0 0 0 0 0 0 0 0
fl=(5)
fn=(13)
0
cfi=(5)
cfn=(16)
calls=0 0
0 11 0 0 0 0 1 0 0 0 11 0 0 0 0 1 0 0 0 0 0 0 0 0 0 0 0 0
fl=(5)
fn=(16)
0
cfi=(5)
cfn=(17)
calls=0 0
0 11 0 0 0 0 1 0 0 0 11 0 0 0 0 1 0 0 0 0 0 0 0 0 0 0 0 0
fl=(5)
fn=(17)
0
cfi=(3)
cfn=(3)
calls=0 381
0 11 0 0 0 0 1 0 0 0 11 0 0 0 0 1 0 0 0 0 0 0 0 0 0 0 0 0
fl=(3)
fn=(3)
381 11 0 0 0 0 1 0 0 0 11 0 0 0 0 1 0 0 0 0 0 0 0 0 0 0 0 0

fl=(1)
fn=(1)
541
cfi=(5)
cfn=(7)
calls=0 0
541 12 0 0 0 0 1 0 0 0 12 0 0 0 0 1 0 0 0 0 0 0 0 0 0 0 0 0
fl=(5)
fn=(7)
0
cfi=(5)
cfn=(12)
calls=0 0
0 12 0 0 0 0 1 0 0 0 12 0 0 0 0 1 0 0 0 0 0 0 0 0 0 0 0 0
fl=(5)
fn=(12)
0
cfi=(5)
cfn=(18) _rl_init_eightbit
calls=0 0
0 12 0 0 0 0 1 0 0 0 12 0 0 0 0 1 0 0 0 0 0 0 0 0 0 0 0 0
fl=(5)
fn=(18)
0
cfi=(5)
cfn=(19) _rl_init_locale
calls=0 0
0 12 0 0 0 0 1 0 0 0 12 0 0 0 0 1 0 0 0 0 0 0 0 0 0 0 0 0
fl=(5)
fn=(19)
0
cfi=(5)
cfn=(17)
calls=0 0
0 12 0 0 0 0 1 0 0 0 12 0 0 0 0 1 0 0 0 0 0 0 0 0 0 0 0 0
fl=(5)
fn=(17)
0
cfi=(3)
cfn=(3)
calls=0 381
0 12 0 0 0 0 1 0 0 0 12 0 0 0 0 1 0 0 0 0 0 0 0 0 0 0 0 0
fl=(3)
fn=(3)
381 12 0 0 0 0 1 0 0 0 12 0 0 0 0 1 0 0 0 0 0 0 0 0 0 0 0 0

fl=(1)
fn=(1)
541
cfi=(5)
cfn=(7)
calls=0 0
541 13 0 0 0 0 1 0 0 0 13 0 0 0 0 1 0 0 0 0 0 0 0 0 0 0 0 0
fl=(5)
fn=(7)
0
cfi=(5)
cfn=(12)
calls=0 0
0 13 0 0 0 0 1 0 0 0 13 0 0 0 0 1 0 0 0 0 0 0 0 0 0 0 0 0
fl=(5)
fn=(12)
0
cfi=(5)
cfn=(10)
calls=0 0
0 13 0 0 0 0 1 0 0 0 13 0 0 0 0 1 0 0 0 0 0 0 0 0 0 0 0 0
fl=(5)
fn=(10)
0
cfi=(5)
cfn=(17)
calls=0 0
0 13 0 0 0 0 1 0 0 0 13 0 0 0 0 1 0 0 0 0 0 0 0 0 0 0 0 0
fl=(5)
fn=(17)
0
cfi=(3)
cfn=(3)
calls=0 381
0 13 0 0 0 0 1 0 0 0 13 0 0 0 0 1 0 0 0 0 0 0 0 0 0 0 0 0
fl=(3)
fn=(3)
381 13 0 0 0 0 1 0 0 0 13 0 0 0 0 1 0 0 0 0 0 0 0 0 0 0 0 0

fl=(1)
fn=(1)
541
cfi=(5)
cfn=(7)
calls=0 0
541 14 0 0 0 0 1 0 0 0 14 0 0 0 0 1 0 0 0 0 0 0 0 0 0 0 0 0
fl=(5)
fn=(7)
0
cfi=(5)
cfn=(12)
calls=0 0
0 14 0 0 0 0 1 0 0 0 14 0 0 0 0 1 0 0 0 0 0 0 0 0 0 0 0 0
fl=(5)
fn=(12)
0
cfi=(5)
cfn=(13)
calls=0 0
0 14 0 0 0 0 1 0 0 0 14 0 0 0 0 1 0 0 0 0 0 0 0 0 0 0 0 0
fl=(5)
fn=(13)
0
cfi=(5)
cfn=(14)
calls=0 0
0 14 0 0 0 0 1 0 0 0 14 0 0 0 0 1 0 0 0 0 0 0 0 0 0 0 0 0
fl=(5)
fn=(14)
0
cfi=(5)
cfn=(15)
calls=0 0
0 14 0 0 0 0 1 0 0 0 14 0 0 0 0 1 0 0 0 0 0 0 0 0 0 0 0 0
fl=(5)
fn=(15)
0
cfi=(5)
cfn=(10)
calls=0 0
0 14 0 0 0 0 1 0 0 0 14 0 0 0 0 1 0 0 0 0 0 0 0 0 0 0 0 0
fl=(5)
fn=(10)
0
cfi=(5)
cfn=(20) _nc_tiparm
calls=0 0
0 14 0 0 0 0 1 0 0 0 14 0 0 0 0 1 0 0 0 0 0 0 0 0 0 0 0 0
fl=(5)
fn=(20)
0
cfi=(5)
cfn=(21) _nc_doalloc
calls=0 0
0 14 0 0 0 0 1 0 0 0 14 0 0 0 0 1 0 0 0 0 0 0 0 0 0 0 0 0
fl=(5)
fn=(21)
0
cfi=(3)
cfn=(22) realloc
calls=0 1437
0 14 0 0 0 0 1 0 0 0 14 0 0 0 0 1 0 0 0 0 0 0 0 0 0 0 0 0
fl=(3)
fn=(22)
1437 14 0 0 0 0 1 0 0 0 14 0 0 0 0 1 0 0 0 0 0 0 0 0 0 0 0 0

fl=(1)
fn=(1)
541
cfi=(5)
cfn=(7)
calls=0 0
541 15 0 0 0 0 1 0 0 0 15 0 0 0 0 1 0 0 0 0 0 0 0 0 0 0 0 0
fl=(5)
fn=(7)
0
cfi=(5)
cfn=(12)
calls=0 0
0 15 0 0 0 0 1 0 0 0 15 0 0 0 0 1 0 0 0 0 0 0 0 0 0 0 0 0
fl=(5)
fn=(12)
0
cfi=(5)
cfn=(13)
calls=0 0
0 15 0 0 0 0 1 0 0 0 15 0 0 0 0 1 0 0 0 0 0 0 0 0 0 0 0 0
fl=(5)
fn=(13)
0
cfi=(5)
cfn=(14)
calls=0 0
0 15 0 0 0 0 1 0 0 0 15 0 0 0 0 1 0 0 0 0 0 0 0 0 0 0 0 0
fl=(5)
fn=(14)
0
cfi=(5)
cfn=(23) _nc_setupterm
calls=0 0
0 15 0 0 0 0 1 0 0 0 15 0 0 0 0 1 0 0 0 0 0 0 0 0 0 0 0 0
fl=(5)
fn=(23)
0
cfi=(5)
cfn=(10)
calls=0 0
0 15 0 0 0 0 1 0 0 0 15 0 0 0 0 1 0 0 0 0 0 0 0 0 0 0 0 0
fl=(5)
fn=(10)
0
cfi=(5)
cfn=(24) _nc_read_entry2
calls=0 0
0 15 0 0 0 0 1 0 0 0 15 0 0 0 0 1 0 0 0 0 0 0 0 0 0 0 0 0
fl=(5)
fn=(24)
0
cfi=(5)
cfn=(25) _nc_first_db
calls=0 0
0 15 0 0 0 0 1 0 0 0 15 0 0 0 0 1 0 0 0 0 0 0 0 0 0 0 0 0
fl=(5)
fn=(25)
0
cfi=(5)
cfn=(10)
calls=0 0
0 15 0 0 0 0 1 0 0 0 15 0 0 0 0 1 0 0 0 0 0 0 0 0 0 0 0 0
fl=(5)
fn=(10)
0
cfi=(2)
cfn=(2)
calls=0 42
0 15 0 0 0 0 1 0 0 0 15 0 0 0 0 1 0 0 0 0 0 0 0 0 0 0 0 0
fl=(2)
fn=(2)
42
cfi=(3)
cfn=(3)
calls=0 381
42 15 0 0 0 0 1 0 0 0 15 0 0 0 0 1 0 0 0 0 0 0 0 0 0 0 0 0
fl=(3)
fn=(3)
381 15 0 0 0 0 1 0 0 0 15 0 0 0 0 1 0 0 0 0 0 0 0 0 0 0 0 0

fl=(1)
fn=(1)
541
cfi=(5)
cfn=(7)
calls=0 0
541 15 0 0 0 0 1 0 0 0 15 0 0 0 0 1 0 0 0 0 0 0 0 0 0 0 0 0
fl=(5)
fn=(7)
0
cfi=(5)
cfn=(12)
calls=0 0
0 15 0 0 0 0 1 0 0 0 15 0 0 0 0 1 0 0 0 0 0 0 0 0 0 0 0 0
fl=(5)
fn=(12)
0
cfi=(5)
cfn=(13)
calls=0 0
0 15 0 0 0 0 1 0 0 0 15 0 0 0 0 1 0 0 0 0 0 0 0 0 0 0 0 0
fl=(5)
fn=(13)
0
cfi=(5)
cfn=(14)
calls=0 0
0 15 0 0 0 0 1 0 0 0 15 0 0 0 0 1 0 0 0 0 0 0 0 0 0 0 0 0
fl=(5)
fn=(14)
0
cfi=(5)
cfn=(23)
calls=0 0
0 15 0 0 0 0 1 0 0 0 15 0 0 0 0 1 0 0 0 0 0 0 0 0 0 0 0 0
fl=(5)
fn=(23)
0
cfi=(2)
cfn=(2)
calls=0 42
0 15 0 0 0 0 1 0 0 0 15 0 0 0 0 1 0 0 0 0 0 0 0 0 0 0 0 0
fl=(2)
fn=(2)
42
cfi=(3)
cfn=(3)
calls=0 381
42 15 0 0 0 0 1 0 0 0 15 0 0 0 0 1 0 0 0 0 0 0 0 0 0 0 0 0
fl=(3)
fn=(3)
381 15 0 0 0 0 1 0 0 0 15 0 0 0 0 1 0 0 0 0 0 0 0 0 0 0 0 0

fl=(1)
fn=(1)
473
cfi=(1)
cfn=(26) set
calls=0 59
473 16 0 0 0 0 1 0 0 0 16 0 0 0 0 1 0 0 0 0 0 0 0 0 0 0 0 0
fl=(1)
fn=(26)
59
cfi=(3)
cfn=(3)
calls=0 381
59 16 0 0 0 0 1 0 0 0 16 0 0 0 0 1 0 0 0 0 0 0 0 0 0 0 0 0
fl=(3)
fn=(3)
381 16 0 0 0 0 1 0 0 0 16 0 0 0 0 1 0 0 0 0 0 0 0 0 0 0 0 0

fl=(1)
fn=(1)
473
cfi=(1)
cfn=(26)
calls=0 62
473 16 0 0 0 0 1 0 0 0 16 0 0 0 0 1 0 0 0 0 0 0 0 0 0 0 0 0
fl=(1)
fn=(26)
62
cfi=(5)
cfn=(27) ft_lstnew
calls=0 0
62 16 0 0 0 0 1 0 0 0 16 0 0 0 0 1 0 0 0 0 0 0 0 0 0 0 0 0
fl=(5)
fn=(27)
0
cfi=(3)
cfn=(3)
calls=0 381
0 16 0 0 0 0 1 0 0 0 16 0 0 0 0 1 0 0 0 0 0 0 0 0 0 0 0 0
fl=(3)
fn=(3)
381 16 0 0 0 0 1 0 0 0 16 0 0 0 0 1 0 0 0 0 0 0 0 0 0 0 0 0

fl=(1)
fn=(1)
541
cfi=(5)
cfn=(7)
calls=0 0
541 16 0 0 0 0 1 0 0 0 16 0 0 0 0 1 0 0 0 0 0 0 0 0 0 0 0 0
fl=(5)
fn=(7)
0
cfi=(5)
cfn=(12)
calls=0 0
0 16 0 0 0 0 1 0 0 0 16 0 0 0 0 1 0 0 0 0 0 0 0 0 0 0 0 0
fl=(5)
fn=(12)
0
cfi=(3)
cfn=(3)
calls=0 381
0 16 0 0 0 0 1 0 0 0 16 0 0 0 0 1 0 0 0 0 0 0 0 0 0 0 0 0
fl=(3)
fn=(3)
381 16 0 0 0 0 1 0 0 0 16 0 0 0 0 1 0 0 0 0 0 0 0 0 0 0 0 0

fl=(1)
fn=(1)
548
cfi=(1)
cfn=(4)
calls=0 438
548 0 0 16 0 0 0 0 1 0 0 0 16 0 0 0 0 1 0 0 0 0 0 0 0 0 0 0
fl=(1)
fn=(4)
438
cfi=(4)
cfn=(5)
calls=0 407
438 0 0 16 0 0 0 0 1 0 0 0 16 0 0 0 0 1 0 0 0 0 0 0 0 0 0 0
fl=(4)
fn=(5)
407
cfi=(4)
cfn=(6)
calls=0 67
407 0 0 16 0 0 0 0 1 0 0 0 16 0 0 0 0 1 0 0 0 0 0 0 0 0 0 0
fl=(4)
fn=(6)
67
cfi=(1)
cfn=(26)
calls=0 59
67 0 0 16 0 0 0 0 1 0 0 0 16 0 0 0 0 1 0 0 0 0 0 0 0 0 0 0
fl=(1)
fn=(26)
59
cfi=(3)
cfn=(3)
calls=0 381
59 0 0 16 0 0 0 0 1 0 0 0 16 0 0 0 0 1 0 0 0 0 0 0 0 0 0 0
fl=(3)
fn=(3)
381 0 0 16 0 0 0 0 1 0 0 0 16 0 0 0 0 1 0 0 0 0 0 0 0 0 0 0

fl=(1)
fn=(1)
548
cfi=(1)
cfn=(4)
calls=0 438
548 0 0 16 0 0 0 0 1 0 0 0 16 0 0 0 0 1 0 0 0 0 0 0 0 0 0 0
fl=(1)
fn=(4)
438
cfi=(4)
cfn=(5)
calls=0 407
438 0 0 16 0 0 0 0 1 0 0 0 16 0 0 0 0 1 0 0 0 0 0 0 0 0 0 0
fl=(4)
fn=(5)
407
cfi=(4)
cfn=(6)
calls=0 67
407 0 0 16 0 0 0 0 1 0 0 0 16 0 0 0 0 1 0 0 0 0 0 0 0 0 0 0
fl=(4)
fn=(6)
67
cfi=(1)
cfn=(26)
calls=0 62
67 0 0 16 0 0 0 0 1 0 0 0 16 0 0 0 0 1 0 0 0 0 0 0 0 0 0 0
fl=(1)
fn=(26)
62
cfi=(5)
cfn=(27)
calls=0 0
62 0 0 16 0 0 0 0 1 0 0 0 16 0 0 0 0 1 0 0 0 0 0 0 0 0 0 0
fl=(5)
fn=(27)
0
cfi=(3)
cfn=(3)
calls=0 381
0 0 0 16 0 0 0 0 1 0 0 0 16 0 0 0 0 1 0 0 0 0 0 0 0 0 0 0
fl=(3)
fn=(3)
381 0 0 16 0 0 0 0 1 0 0 0 16 0 0 0 0 1 0 0 0 0 0 0 0 0 0 0

fl=(1)
fn=(1)
541
cfi=(5)
cfn=(7)
calls=0 0
541 20 0 0 0 0 1 0 0 0 20 0 0 0 0 1 0 0 0 0 0 0 0 0 0 0 0 0
fl=(5)
fn=(7)
0
cfi=(5)
cfn=(12)
calls=0 0
0 20 0 0 0 0 1 0 0 0 20 0 0 0 0 1 0 0 0 0 0 0 0 0 0 0 0 0
fl=(5)
fn=(12)
0
cfi=(5)
cfn=(10)
calls=0 0
0 20 0 0 0 0 1 0 0 0 20 0 0 0 0 1 0 0 0 0 0 0 0 0 0 0 0 0
fl=(5)
fn=(10)
0
cfi=(5)
cfn=(28) rl_parse_and_bind
calls=0 0
0 20 0 0 0 0 1 0 0 0 20 0 0 0 0 1 0 0 0 0 0 0 0 0 0 0 0 0
fl=(5)
fn=(28)
0
cfi=(5)
cfn=(10)
calls=0 0
0 20 0 0 0 0 1 0 0 0 20 0 0 0 0 1 0 0 0 0 0 0 0 0 0 0 0 0
fl=(5)
fn=(10)
0
cfi=(5)
cfn=(17)
calls=0 0
0 20 0 0 0 0 1 0 0 0 20 0 0 0 0 1 0 0 0 0 0 0 0 0 0 0 0 0
fl=(5)
fn=(17)
0
cfi=(3)
cfn=(3)
calls=0 381
0 20 0 0 0 0 1 0 0 0 20 0 0 0 0 1 0 0 0 0 0 0 0 0 0 0 0 0
fl=(3)
fn=(3)
381 20 0 0 0 0 1 0 0 0 20 0 0 0 0 1 0 0 0 0 0 0 0 0 0 0 0 0

fl=(1)
fn=(1)
541
cfi=(5)
cfn=(7)
calls=0 0
541 21 0 0 0 0 1 0 0 0 21 0 0 0 0 1 0 0 0 0 0 0 0 0 0 0 0 0
fl=(5)
fn=(7)
0
cfi=(5)
cfn=(8)
calls=0 0
0 21 0 0 0 0 1 0 0 0 21 0 0 0 0 1 0 0 0 0 0 0 0 0 0 0 0 0
fl=(5)
fn=(8)
0
cfi=(5)
cfn=(17)
calls=0 0
0 21 0 0 0 0 1 0 0 0 21 0 0 0 0 1 0 0 0 0 0 0 0 0 0 0 0 0
fl=(5)
fn=(17)
0
cfi=(3)
cfn=(3)
calls=0 381
0 21 0 0 0 0 1 0 0 0 21 0 0 0 0 1 0 0 0 0 0 0 0 0 0 0 0 0
fl=(3)
fn=(3)
381 21 0 0 0 0 1 0 0 0 21 0 0 0 0 1 0 0 0 0 0 0 0 0 0 0 0 0

fl=(1)
fn=(1)
541
cfi=(5)
cfn=(7)
calls=0 0
541 21 0 0 0 0 1 0 0 0 21 0 0 0 0 1 0 0 0 0 0 0 0 0 0 0 0 0
fl=(5)
fn=(7)
0
cfi=(5)
cfn=(8)
calls=0 0
0 21 0 0 0 0 1 0 0 0 21 0 0 0 0 1 0 0 0 0 0 0 0 0 0 0 0 0
fl=(5)
fn=(8)
0
cfi=(5)
cfn=(9)
calls=0 0
0 21 0 0 0 0 1 0 0 0 21 0 0 0 0 1 0 0 0 0 0 0 0 0 0 0 0 0
fl=(5)
fn=(9)
0
cfi=(5)
cfn=(10)
calls=0 0
0 21 0 0 0 0 1 0 0 0 21 0 0 0 0 1 0 0 0 0 0 0 0 0 0 0 0 0
fl=(5)
fn=(10)
0
cfi=(5)
cfn=(17)
calls=0 0
0 21 0 0 0 0 1 0 0 0 21 0 0 0 0 1 0 0 0 0 0 0 0 0 0 0 0 0
fl=(5)
fn=(17)
0
cfi=(3)
cfn=(3)
calls=0 381
0 21 0 0 0 0 1 0 0 0 21 0 0 0 0 1 0 0 0 0 0 0 0 0 0 0 0 0
fl=(3)
fn=(3)
381 21 0 0 0 0 1 0 0 0 21 0 0 0 0 1 0 0 0 0 0 0 0 0 0 0 0 0

fl=(1)
fn=(1)
541
cfi=(5)
cfn=(7)
calls=0 0
541 24 0 0 0 0 1 0 0 0 24 0 0 0 0 1 0 0 0 0 0 0 0 0 0 0 0 0
fl=(5)
fn=(7)
0
cfi=(5)
cfn=(12)
calls=0 0
0 24 0 0 0 0 1 0 0 0 24 0 0 0 0 1 0 0 0 0 0 0 0 0 0 0 0 0
fl=(5)
fn=(12)
0
cfi=(5)
cfn=(13)
calls=0 0
0 24 0 0 0 0 1 0 0 0 24 0 0 0 0 1 0 0 0 0 0 0 0 0 0 0 0 0
fl=(5)
fn=(13)
0
cfi=(5)
cfn=(14)
calls=0 0
0 24 0 0 0 0 1 0 0 0 24 0 0 0 0 1 0 0 0 0 0 0 0 0 0 0 0 0
fl=(5)
fn=(14)
0
cfi=(5)
cfn=(15)
calls=0 0
0 24 0 0 0 0 1 0 0 0 24 0 0 0 0 1 0 0 0 0 0 0 0 0 0 0 0 0
fl=(5)
fn=(15)
0
cfi=(5)
cfn=(10)
calls=0 0
0 24 0 0 0 0 1 0 0 0 24 0 0 0 0 1 0 0 0 0 0 0 0 0 0 0 0 0
fl=(5)
fn=(10)
0
cfi=(5)
cfn=(20)
calls=0 0
0 24 0 0 0 0 1 0 0 0 24 0 0 0 0 1 0 0 0 0 0 0 0 0 0 0 0 0
fl=(5)
fn=(20)
0
cfi=(5)
cfn=(10)
calls=0 0
0 24 0 0 0 0 1 0 0 0 24 0 0 0 0 1 0 0 0 0 0 0 0 0 0 0 0 0
fl=(5)
fn=(10)
0
cfi=(6) ./misc/./misc/tsearch.c
cfn=(29) tsearch
calls=0 337
0 24 0 0 0 0 1 0 0 0 24 0 0 0 0 1 0 0 0 0 0 0 0 0 0 0 0 0
fl=(6)
fn=(29)
337
cfi=(3)
cfn=(3)
calls=0 381
337 24 0 0 0 0 1 0 0 0 24 0 0 0 0 1 0 0 0 0 0 0 0 0 0 0 0 0
fl=(3)
fn=(3)
381 24 0 0 0 0 1 0 0 0 24 0 0 0 0 1 0 0 0 0 0 0 0 0 0 0 0 0

fl=(1)
fn=(1)
541
cfi=(5)
cfn=(7)
calls=0 0
541 27 0 0 0 0 1 0 0 0 27 0 0 0 0 1 0 0 0 0 0 0 0 0 0 0 0 0
fl=(5)
fn=(7)
0
cfi=(5)
cfn=(12)
calls=0 0
0 27 0 0 0 0 1 0 0 0 27 0 0 0 0 1 0 0 0 0 0 0 0 0 0 0 0 0
fl=(5)
fn=(12)
0
cfi=(5)
cfn=(13)
calls=0 0
0 27 0 0 0 0 1 0 0 0 27 0 0 0 0 1 0 0 0 0 0 0 0 0 0 0 0 0
fl=(5)
fn=(13)
0
cfi=(5)
cfn=(14)
calls=0 0
0 27 0 0 0 0 1 0 0 0 27 0 0 0 0 1 0 0 0 0 0 0 0 0 0 0 0 0
fl=(5)
fn=(14)
0
cfi=(5)
cfn=(23)
calls=0 0
0 27 0 0 0 0 1 0 0 0 27 0 0 0 0 1 0 0 0 0 0 0 0 0 0 0 0 0
fl=(5)
fn=(23)
0
cfi=(5)
cfn=(10)
calls=0 0
0 27 0 0 0 0 1 0 0 0 27 0 0 0 0 1 0 0 0 0 0 0 0 0 0 0 0 0
fl=(5)
fn=(10)
0
cfi=(5)
cfn=(24)
calls=0 0
0 27 0 0 0 0 1 0 0 0 27 0 0 0 0 1 0 0 0 0 0 0 0 0 0 0 0 0
fl=(5)
fn=(24)
0
cfi=(5)
cfn=(25)
calls=0 0
0 27 0 0 0 0 1 0 0 0 27 0 0 0 0 1 0 0 0 0 0 0 0 0 0 0 0 0
fl=(5)
fn=(25)
0
cfi=(5)
cfn=(30) _nc_home_terminfo
calls=0 0
0 27 0 0 0 0 1 0 0 0 27 0 0 0 0 1 0 0 0 0 0 0 0 0 0 0 0 0
fl=(5)
fn=(30)
0
cfi=(3)
cfn=(3)
calls=0 381
0 27 0 0 0 0 1 0 0 0 27 0 0 0 0 1 0 0 0 0 0 0 0 0 0 0 0 0
fl=(3)
fn=(3)
381 27 0 0 0 0 1 0 0 0 27 0 0 0 0 1 0 0 0 0 0 0 0 0 0 0 0 0

fl=(5)
fn=(7)
0
cfi=(5)
cfn=(12)
calls=0 0
0 46 0 0 0 0 1 0 0 0 46 0 0 0 0 1 0 0 0 0 0 0 0 0 0 0 0 0
fl=(5)
fn=(12)
0
cfi=(5)
cfn=(13)
calls=0 0
0 46 0 0 0 0 1 0 0 0 46 0 0 0 0 1 0 0 0 0 0 0 0 0 0 0 0 0
fl=(5)
fn=(13)
0
cfi=(5)
cfn=(14)
calls=0 0
0 46 0 0 0 0 1 0 0 0 46 0 0 0 0 1 0 0 0 0 0 0 0 0 0 0 0 0
fl=(5)
fn=(14)
0
cfi=(5)
cfn=(23)
calls=0 0
0 46 0 0 0 0 1 0 0 0 46 0 0 0 0 1 0 0 0 0 0 0 0 0 0 0 0 0
fl=(5)
fn=(23)
0
cfi=(5)
cfn=(10)
calls=0 0
0 46 0 0 0 0 1 0 0 0 46 0 0 0 0 1 0 0 0 0 0 0 0 0 0 0 0 0
fl=(5)
fn=(10)
0
cfi=(5)
cfn=(24)
calls=0 0
0 46 0 0 0 0 1 0 0 0 46 0 0 0 0 1 0 0 0 0 0 0 0 0 0 0 0 0
fl=(5)
fn=(24)
0
cfi=(5)
cfn=(10)
calls=0 0
0 46 0 0 0 0 1 0 0 0 46 0 0 0 0 1 0 0 0 0 0 0 0 0 0 0 0 0
fl=(5)
fn=(10)
0
cfi=(5)
cfn=(31) _nc_read_file_entry
calls=0 0
0 46 0 0 0 0 1 0 0 0 46 0 0 0 0 1 0 0 0 0 0 0 0 0 0 0 0 0
fl=(5)
fn=(31)
0
cfi=(5)
cfn=(32) _nc_read_termtype
calls=0 0
0 46 0 0 0 0 1 0 0 0 46 0 0 0 0 1 0 0 0 0 0 0 0 0 0 0 0 0
fl=(5)
fn=(32)
0
cfi=(5)
cfn=(21)
calls=0 0
0 46 0 0 0 0 1 0 0 0 46 0 0 0 0 1 0 0 0 0 0 0 0 0 0 0 0 0
fl=(5)
fn=(21)
0
cfi=(3)
cfn=(22)
calls=0 1437
0 46 0 0 0 0 1 0 0 0 46 0 0 0 0 1 0 0 0 0 0 0 0 0 0 0 0 0
fl=(3)
fn=(22)
1437 46 0 0 0 0 1 0 0 0 46 0 0 0 0 1 0 0 0 0 0 0 0 0 0 0 0 0

fl=(1)
fn=(1)
541
cfi=(5)
cfn=(7)
calls=0 0
541 46 0 0 0 0 1 0 0 0 46 0 0 0 0 1 0 0 0 0 0 0 0 0 0 0 0 0
fl=(5)
fn=(7)
0
cfi=(5)
cfn=(12)
calls=0 0
0 46 0 0 0 0 1 0 0 0 46 0 0 0 0 1 0 0 0 0 0 0 0 0 0 0 0 0
fl=(5)
fn=(12)
0
cfi=(5)
cfn=(13)
calls=0 0
0 46 0 0 0 0 1 0 0 0 46 0 0 0 0 1 0 0 0 0 0 0 0 0 0 0 0 0
fl=(5)
fn=(13)
0
cfi=(5)
cfn=(14)
calls=0 0
0 46 0 0 0 0 1 0 0 0 46 0 0 0 0 1 0 0 0 0 0 0 0 0 0 0 0 0
fl=(5)
fn=(14)
0
cfi=(5)
cfn=(23)
calls=0 0
0 46 0 0 0 0 1 0 0 0 46 0 0 0 0 1 0 0 0 0 0 0 0 0 0 0 0 0
fl=(5)
fn=(23)
0
cfi=(5)
cfn=(10)
calls=0 0
0 46 0 0 0 0 1 0 0 0 46 0 0 0 0 1 0 0 0 0 0 0 0 0 0 0 0 0
fl=(5)
fn=(10)
0
cfi=(3)
cfn=(3)
calls=0 381
0 46 0 0 0 0 1 0 0 0 46 0 0 0 0 1 0 0 0 0 0 0 0 0 0 0 0 0
fl=(3)
fn=(3)
381 46 0 0 0 0 1 0 0 0 46 0 0 0 0 1 0 0 0 0 0 0 0 0 0 0 0 0

fl=(1)
fn=(1)
541
cfi=(5)
cfn=(7)
calls=0 0
541 48 0 0 0 0 1 0 0 0 48 0 0 0 0 1 0 0 0 0 0 0 0 0 0 0 0 0
fl=(5)
fn=(7)
0
cfi=(5)
cfn=(12)
calls=0 0
0 48 0 0 0 0 1 0 0 0 48 0 0 0 0 1 0 0 0 0 0 0 0 0 0 0 0 0
fl=(5)
fn=(12)
0
cfi=(5)
cfn=(13)
calls=0 0
0 48 0 0 0 0 1 0 0 0 48 0 0 0 0 1 0 0 0 0 0 0 0 0 0 0 0 0
fl=(5)
fn=(13)
0
cfi=(5)
cfn=(14)
calls=0 0
0 48 0 0 0 0 1 0 0 0 48 0 0 0 0 1 0 0 0 0 0 0 0 0 0 0 0 0
fl=(5)
fn=(14)
0
cfi=(5)
cfn=(23)
calls=0 0
0 48 0 0 0 0 1 0 0 0 48 0 0 0 0 1 0 0 0 0 0 0 0 0 0 0 0 0
fl=(5)
fn=(23)
0
cfi=(5)
cfn=(10)
calls=0 0
0 48 0 0 0 0 1 0 0 0 48 0 0 0 0 1 0 0 0 0 0 0 0 0 0 0 0 0
fl=(5)
fn=(10)
0
cfi=(5)
cfn=(24)
calls=0 0
0 48 0 0 0 0 1 0 0 0 48 0 0 0 0 1 0 0 0 0 0 0 0 0 0 0 0 0
fl=(5)
fn=(24)
0
cfi=(5)
cfn=(25)
calls=0 0
0 48 0 0 0 0 1 0 0 0 48 0 0 0 0 1 0 0 0 0 0 0 0 0 0 0 0 0
fl=(5)
fn=(25)
0
cfi=(3)
cfn=(33) calloc
calls=0 1328
0 48 0 0 0 0 1 0 0 0 48 0 0 0 0 1 0 0 0 0 0 0 0 0 0 0 0 0
fl=(3)
fn=(33)
1328 48 0 0 0 0 1 0 0 0 48 0 0 0 0 1 0 0 0 0 0 0 0 0 0 0 0 0

fl=(1)
fn=(1)
541
cfi=(5)
cfn=(7)
calls=0 0
541 78 0 0 0 0 1 0 0 0 78 0 0 0 0 1 0 0 0 0 0 0 0 0 0 0 0 0
fl=(5)
fn=(7)
0
cfi=(5)
cfn=(12)
calls=0 0
0 78 0 0 0 0 1 0 0 0 78 0 0 0 0 1 0 0 0 0 0 0 0 0 0 0 0 0
fl=(5)
fn=(12)
0
cfi=(5)
cfn=(13)
calls=0 0
0 78 0 0 0 0 1 0 0 0 78 0 0 0 0 1 0 0 0 0 0 0 0 0 0 0 0 0
fl=(5)
fn=(13)
0
cfi=(5)
cfn=(14)
calls=0 0
0 78 0 0 0 0 1 0 0 0 78 0 0 0 0 1 0 0 0 0 0 0 0 0 0 0 0 0
fl=(5)
fn=(14)
0
cfi=(5)
cfn=(23)
calls=0 0
0 78 0 0 0 0 1 0 0 0 78 0 0 0 0 1 0 0 0 0 0 0 0 0 0 0 0 0
fl=(5)
fn=(23)
0
cfi=(5)
cfn=(10)
calls=0 0
0 78 0 0 0 0 1 0 0 0 78 0 0 0 0 1 0 0 0 0 0 0 0 0 0 0 0 0
fl=(5)
fn=(10)
0
cfi=(3)
cfn=(3)
calls=0 381
0 78 0 0 0 0 1 0 0 0 78 0 0 0 0 1 0 0 0 0 0 0 0 0 0 0 0 0
fl=(3)
fn=(3)
381 78 0 0 0 0 1 0 0 0 78 0 0 0 0 1 0 0 0 0 0 0 0 0 0 0 0 0

fl=(1)
fn=(1)
541
cfi=(5)
cfn=(7)
calls=0 0
541 93 0 0 0 0 1 0 0 0 93 0 0 0 0 1 0 0 0 0 0 0 0 0 0 0 0 0
fl=(5)
fn=(7)
0
cfi=(5)
cfn=(12)
calls=0 0
0 93 0 0 0 0 1 0 0 0 93 0 0 0 0 1 0 0 0 0 0 0 0 0 0 0 0 0
fl=(5)
fn=(12)
0
cfi=(5)
cfn=(13)
calls=0 0
0 93 0 0 0 0 1 0 0 0 93 0 0 0 0 1 0 0 0 0 0 0 0 0 0 0 0 0
fl=(5)
fn=(13)
0
cfi=(5)
cfn=(14)
calls=0 0
0 93 0 0 0 0 1 0 0 0 93 0 0 0 0 1 0 0 0 0 0 0 0 0 0 0 0 0
fl=(5)
fn=(14)
0
cfi=(5)
cfn=(15)
calls=0 0
0 93 0 0 0 0 1 0 0 0 93 0 0 0 0 1 0 0 0 0 0 0 0 0 0 0 0 0
fl=(5)
fn=(15)
0
cfi=(5)
cfn=(10)
calls=0 0
0 93 0 0 0 0 1 0 0 0 93 0 0 0 0 1 0 0 0 0 0 0 0 0 0 0 0 0
fl=(5)
fn=(10)
0
cfi=(5)
cfn=(20)
calls=0 0
0 93 0 0 0 0 1 0 0 0 93 0 0 0 0 1 0 0 0 0 0 0 0 0 0 0 0 0
fl=(5)
fn=(20)
0
cfi=(5)
cfn=(10)
calls=0 0
0 93 0 0 0 0 1 0 0 0 93 0 0 0 0 1 0 0 0 0 0 0 0 0 0 0 0 0
fl=(5)
fn=(10)
0
cfi=(2)
cfn=(2)
calls=0 42
0 93 0 0 0 0 1 0 0 0 93 0 0 0 0 1 0 0 0 0 0 0 0 0 0 0 0 0
fl=(2)
fn=(2)
42
cfi=(3)
cfn=(3)
calls=0 381
42 93 0 0 0 0 1 0 0 0 93 0 0 0 0 1 0 0 0 0 0 0 0 0 0 0 0 0
fl=(3)
fn=(3)
381 93 0 0 0 0 1 0 0 0 93 0 0 0 0 1 0 0 0 0 0 0 0 0 0 0 0 0

fl=(1)
fn=(1)
541
cfi=(5)
cfn=(7)
calls=0 0
541 94 0 0 0 0 1 0 0 0 94 0 0 0 0 1 0 0 0 0 0 0 0 0 0 0 0 0
fl=(5)
fn=(7)
0
cfi=(5)
cfn=(12)
calls=0 0
0 94 0 0 0 0 1 0 0 0 94 0 0 0 0 1 0 0 0 0 0 0 0 0 0 0 0 0
fl=(5)
fn=(12)
0
cfi=(5)
cfn=(13)
calls=0 0
0 94 0 0 0 0 1 0 0 0 94 0 0 0 0 1 0 0 0 0 0 0 0 0 0 0 0 0
fl=(5)
fn=(13)
0
cfi=(5)
cfn=(14)
calls=0 0
0 94 0 0 0 0 1 0 0 0 94 0 0 0 0 1 0 0 0 0 0 0 0 0 0 0 0 0
fl=(5)
fn=(14)
0
cfi=(5)
cfn=(15)
calls=0 0
0 94 0 0 0 0 1 0 0 0 94 0 0 0 0 1 0 0 0 0 0 0 0 0 0 0 0 0
fl=(5)
fn=(15)
0
cfi=(5)
cfn=(10)
calls=0 0
0 94 0 0 0 0 1 0 0 0 94 0 0 0 0 1 0 0 0 0 0 0 0 0 0 0 0 0
fl=(5)
fn=(10)
0
cfi=(5)
cfn=(20)
calls=0 0
0 94 0 0 0 0 1 0 0 0 94 0 0 0 0 1 0 0 0 0 0 0 0 0 0 0 0 0
fl=(5)
fn=(20)
0
cfi=(5)
cfn=(10)
calls=0 0
0 94 0 0 0 0 1 0 0 0 94 0 0 0 0 1 0 0 0 0 0 0 0 0 0 0 0 0
fl=(5)
fn=(10)
0
cfi=(5)
cfn=(34) _nc_tparm_analyze
calls=0 0
0 94 0 0 0 0 1 0 0 0 94 0 0 0 0 1 0 0 0 0 0 0 0 0 0 0 0 0
fl=(5)
fn=(34)
0
cfi=(3)
cfn=(3)
calls=0 381
0 94 0 0 0 0 1 0 0 0 94 0 0 0 0 1 0 0 0 0 0 0 0 0 0 0 0 0
fl=(3)
fn=(3)
381 94 0 0 0 0 1 0 0 0 94 0 0 0 0 1 0 0 0 0 0 0 0 0 0 0 0 0

fl=(1)
fn=(1)
541
cfi=(5)
cfn=(7)
calls=0 0
541 96 0 0 0 0 1 0 0 0 96 0 0 0 0 1 0 0 0 0 0 0 0 0 0 0 0 0
fl=(5)
fn=(7)
0
cfi=(5)
cfn=(12)
calls=0 0
0 96 0 0 0 0 1 0 0 0 96 0 0 0 0 1 0 0 0 0 0 0 0 0 0 0 0 0
fl=(5)
fn=(12)
0
cfi=(5)
cfn=(13)
calls=0 0
0 96 0 0 0 0 1 0 0 0 96 0 0 0 0 1 0 0 0 0 0 0 0 0 0 0 0 0
fl=(5)
fn=(13)
0
cfi=(5)
cfn=(14)
calls=0 0
0 96 0 0 0 0 1 0 0 0 96 0 0 0 0 1 0 0 0 0 0 0 0 0 0 0 0 0
fl=(5)
fn=(14)
0
cfi=(5)
cfn=(23)
calls=0 0
0 96 0 0 0 0 1 0 0 0 96 0 0 0 0 1 0 0 0 0 0 0 0 0 0 0 0 0
fl=(5)
fn=(23)
0
cfi=(5)
cfn=(10)
calls=0 0
0 96 0 0 0 0 1 0 0 0 96 0 0 0 0 1 0 0 0 0 0 0 0 0 0 0 0 0
fl=(5)
fn=(10)
0
cfi=(5)
cfn=(24)
calls=0 0
0 96 0 0 0 0 1 0 0 0 96 0 0 0 0 1 0 0 0 0 0 0 0 0 0 0 0 0
fl=(5)
fn=(24)
0
cfi=(5)
cfn=(25)
calls=0 0
0 96 0 0 0 0 1 0 0 0 96 0 0 0 0 1 0 0 0 0 0 0 0 0 0 0 0 0
fl=(5)
fn=(25)
0
cfi=(3)
cfn=(3)
calls=0 381
0 96 0 0 0 0 1 0 0 0 96 0 0 0 0 1 0 0 0 0 0 0 0 0 0 0 0 0
fl=(3)
fn=(3)
381 96 0 0 0 0 1 0 0 0 96 0 0 0 0 1 0 0 0 0 0 0 0 0 0 0 0 0

fl=(5)
fn=(7)
0
cfi=(5)
cfn=(12)
calls=0 0
0 156 0 0 0 0 1 0 0 0 156 0 0 0 0 1 0 0 0 0 0 0 0 0 0 0 0 0
fl=(5)
fn=(12)
0
cfi=(5)
cfn=(13)
calls=0 0
0 156 0 0 0 0 1 0 0 0 156 0 0 0 0 1 0 0 0 0 0 0 0 0 0 0 0 0
fl=(5)
fn=(13)
0
cfi=(5)
cfn=(14)
calls=0 0
0 156 0 0 0 0 1 0 0 0 156 0 0 0 0 1 0 0 0 0 0 0 0 0 0 0 0 0
fl=(5)
fn=(14)
0
cfi=(5)
cfn=(23)
calls=0 0
0 156 0 0 0 0 1 0 0 0 156 0 0 0 0 1 0 0 0 0 0 0 0 0 0 0 0 0
fl=(5)
fn=(23)
0
cfi=(5)
cfn=(10)
calls=0 0
0 156 0 0 0 0 1 0 0 0 156 0 0 0 0 1 0 0 0 0 0 0 0 0 0 0 0 0
fl=(5)
fn=(10)
0
cfi=(5)
cfn=(24)
calls=0 0
0 156 0 0 0 0 1 0 0 0 156 0 0 0 0 1 0 0 0 0 0 0 0 0 0 0 0 0
fl=(5)
fn=(24)
0
cfi=(5)
cfn=(10)
calls=0 0
0 156 0 0 0 0 1 0 0 0 156 0 0 0 0 1 0 0 0 0 0 0 0 0 0 0 0 0
fl=(5)
fn=(10)
0
cfi=(5)
cfn=(31)
calls=0 0
0 156 0 0 0 0 1 0 0 0 156 0 0 0 0 1 0 0 0 0 0 0 0 0 0 0 0 0
fl=(5)
fn=(31)
0
cfi=(5)
cfn=(32)
calls=0 0
0 156 0 0 0 0 1 0 0 0 156 0 0 0 0 1 0 0 0 0 0 0 0 0 0 0 0 0
fl=(5)
fn=(32)
0
cfi=(5)
cfn=(21)
calls=0 0
0 156 0 0 0 0 1 0 0 0 156 0 0 0 0 1 0 0 0 0 0 0 0 0 0 0 0 0
fl=(5)
fn=(21)
0
cfi=(3)
cfn=(22)
calls=0 1437
0 156 0 0 0 0 1 0 0 0 156 0 0 0 0 1 0 0 0 0 0 0 0 0 0 0 0 0
fl=(3)
fn=(22)
1437 156 0 0 0 0 1 0 0 0 156 0 0 0 0 1 0 0 0 0 0 0 0 0 0 0 0 0

fl=(1)
fn=(1)
541
cfi=(5)
cfn=(7)
calls=0 0
541 168 0 0 0 0 1 0 0 0 168 0 0 0 0 1 0 0 0 0 0 0 0 0 0 0 0 0
fl=(5)
fn=(7)
0
cfi=(5)
cfn=(12)
calls=0 0
0 168 0 0 0 0 1 0 0 0 168 0 0 0 0 1 0 0 0 0 0 0 0 0 0 0 0 0
fl=(5)
fn=(12)
0
cfi=(5)
cfn=(13)
calls=0 0
0 168 0 0 0 0 1 0 0 0 168 0 0 0 0 1 0 0 0 0 0 0 0 0 0 0 0 0
fl=(5)
fn=(13)
0
cfi=(5)
cfn=(14)
calls=0 0
0 168 0 0 0 0 1 0 0 0 168 0 0 0 0 1 0 0 0 0 0 0 0 0 0 0 0 0
fl=(5)
fn=(14)
0
cfi=(5)
cfn=(15)
calls=0 0
0 168 0 0 0 0 1 0 0 0 168 0 0 0 0 1 0 0 0 0 0 0 0 0 0 0 0 0
fl=(5)
fn=(15)
0
cfi=(5)
cfn=(10)
calls=0 0
0 168 0 0 0 0 1 0 0 0 168 0 0 0 0 1 0 0 0 0 0 0 0 0 0 0 0 0
fl=(5)
fn=(10)
0
cfi=(5)
cfn=(20)
calls=0 0
0 168 0 0 0 0 1 0 0 0 168 0 0 0 0 1 0 0 0 0 0 0 0 0 0 0 0 0
fl=(5)
fn=(20)
0
cfi=(5)
cfn=(10)
calls=0 0
0 168 0 0 0 0 1 0 0 0 168 0 0 0 0 1 0 0 0 0 0 0 0 0 0 0 0 0
fl=(5)
fn=(10)
0
cfi=(3)
cfn=(33)
calls=0 1328
0 168 0 0 0 0 1 0 0 0 168 0 0 0 0 1 0 0 0 0 0 0 0 0 0 0 0 0
fl=(3)
fn=(33)
1328 168 0 0 0 0 1 0 0 0 168 0 0 0 0 1 0 0 0 0 0 0 0 0 0 0 0 0

fl=(1)
fn=(1)
541
cfi=(5)
cfn=(7)
calls=0 0
541 256 0 0 0 0 1 0 0 0 256 0 0 0 0 1 0 0 0 0 0 0 0 0 0 0 0 0
fl=(5)
fn=(7)
0
cfi=(5)
cfn=(12)
calls=0 0
0 256 0 0 0 0 1 0 0 0 256 0 0 0 0 1 0 0 0 0 0 0 0 0 0 0 0 0
fl=(5)
fn=(12)
0
cfi=(5)
cfn=(17)
calls=0 0
0 256 0 0 0 0 1 0 0 0 256 0 0 0 0 1 0 0 0 0 0 0 0 0 0 0 0 0
fl=(5)
fn=(17)
0
cfi=(3)
cfn=(3)
calls=0 381
0 256 0 0 0 0 1 0 0 0 256 0 0 0 0 1 0 0 0 0 0 0 0 0 0 0 0 0
fl=(3)
fn=(3)
381 256 0 0 0 0 1 0 0 0 256 0 0 0 0 1 0 0 0 0 0 0 0 0 0 0 0 0

fl=(1)
fn=(1)
548
cfi=(1)
cfn=(4)
calls=0 438
548 0 0 0 282 0 0 0 0 20 0 0 0 282 0 0 0 0 20 0 0 0 0 0 0 0 0 0
fl=(1)
fn=(4)
438
cfi=(4)
cfn=(5)
calls=0 407
438 0 0 0 282 0 0 0 0 20 0 0 0 282 0 0 0 0 20 0 0 0 0 0 0 0 0 0
fl=(4)
fn=(5)
407
cfi=(4)
cfn=(6)
calls=0 340
407 0 0 0 282 0 0 0 0 20 0 0 0 282 0 0 0 0 20 0 0 0 0 0 0 0 0 0
fl=(4)
fn=(6)
340
cfi=(4)
cfn=(35) tester
calls=0 395
340 0 0 0 282 0 0 0 0 20 0 0 0 282 0 0 0 0 20 0 0 0 0 0 0 0 0 0
fl=(4)
fn=(35)
395
cfi=(4)
cfn=(36) expand_test
calls=0 51
395 0 0 0 282 0 0 0 0 20 0 0 0 282 0 0 0 0 20 0 0 0 0 0 0 0 0 0
fl=(4)
fn=(36)
51
cfi=(3)
cfn=(33)
calls=0 1328
51 0 0 0 282 0 0 0 0 20 0 0 0 282 0 0 0 0 20 0 0 0 0 0 0 0 0 0
fl=(3)
fn=(33)
1328 0 0 0 282 0 0 0 0 20 0 0 0 282 0 0 0 0 20 0 0 0 0 0 0 0 0 0

fl=(1)
fn=(1)
548
cfi=(1)
cfn=(4)
calls=0 438
548 0 0 0 320 0 0 0 0 20 0 0 0 320 0 0 0 0 20 0 0 0 0 0 0 0 0 0
fl=(1)
fn=(4)
438
cfi=(4)
cfn=(5)
calls=0 407
438 0 0 0 320 0 0 0 0 20 0 0 0 320 0 0 0 0 20 0 0 0 0 0 0 0 0 0
fl=(4)
fn=(5)
407
cfi=(4)
cfn=(6)
calls=0 340
407 0 0 0 320 0 0 0 0 20 0 0 0 320 0 0 0 0 20 0 0 0 0 0 0 0 0 0
fl=(4)
fn=(6)
340
cfi=(4)
cfn=(35)
calls=0 395
340 0 0 0 320 0 0 0 0 20 0 0 0 320 0 0 0 0 20 0 0 0 0 0 0 0 0 0
fl=(4)
fn=(35)
395
cfi=(4)
cfn=(36)
calls=0 52
395 0 0 0 320 0 0 0 0 20 0 0 0 320 0 0 0 0 20 0 0 0 0 0 0 0 0 0
fl=(4)
fn=(36)
52
cfi=(1)
cfn=(37) expander_exp
calls=0 342
52 0 0 0 320 0 0 0 0 20 0 0 0 320 0 0 0 0 20 0 0 0 0 0 0 0 0 0
fl=(1)
fn=(37)
342
cfi=(3)
cfn=(3)
calls=0 381
342 0 0 0 320 0 0 0 0 20 0 0 0 320 0 0 0 0 20 0 0 0 0 0 0 0 0 0
fl=(3)
fn=(3)
381 0 0 0 320 0 0 0 0 20 0 0 0 320 0 0 0 0 20 0 0 0 0 0 0 0 0 0

fl=(1)
fn=(1)
548
cfi=(1)
cfn=(4)
calls=0 438
548 0 0 0 351 39 0 0 0 1 0 0 0 351 39 0 0 0 1 0 0 0 0 0 0 0 0 0
fl=(1)
fn=(4)
438
cfi=(4)
cfn=(5)
calls=0 407
438 0 0 0 351 39 0 0 0 1 0 0 0 351 39 0 0 0 1 0 0 0 0 0 0 0 0 0
fl=(4)
fn=(5)
407
cfi=(4)
cfn=(6)
calls=0 61
407 0 0 0 351 39 0 0 0 1 0 0 0 351 39 0 0 0 1 0 0 0 0 0 0 0 0 0
fl=(4)
fn=(6)
61
cfi=(3)
cfn=(3)
calls=0 381
61 0 0 0 351 39 0 0 0 1 0 0 0 351 39 0 0 0 1 0 0 0 0 0 0 0 0 0
fl=(3)
fn=(3)
381 0 0 0 351 39 0 0 0 1 0 0 0 351 39 0 0 0 1 0 0 0 0 0 0 0 0 0

fl=(1)
fn=(1)
541
cfi=(5)
cfn=(7)
calls=0 0
541 640 0 0 0 0 1 0 0 0 640 0 0 0 0 1 0 0 0 0 0 0 0 0 0 0 0 0
fl=(5)
fn=(7)
0
cfi=(5)
cfn=(12)
calls=0 0
0 640 0 0 0 0 1 0 0 0 640 0 0 0 0 1 0 0 0 0 0 0 0 0 0 0 0 0
fl=(5)
fn=(12)
0
cfi=(5)
cfn=(13)
calls=0 0
0 640 0 0 0 0 1 0 0 0 640 0 0 0 0 1 0 0 0 0 0 0 0 0 0 0 0 0
fl=(5)
fn=(13)
0
cfi=(5)
cfn=(14)
calls=0 0
0 640 0 0 0 0 1 0 0 0 640 0 0 0 0 1 0 0 0 0 0 0 0 0 0 0 0 0
fl=(5)
fn=(14)
0
cfi=(5)
cfn=(23)
calls=0 0
0 640 0 0 0 0 1 0 0 0 640 0 0 0 0 1 0 0 0 0 0 0 0 0 0 0 0 0
fl=(5)
fn=(23)
0
cfi=(5)
cfn=(10)
calls=0 0
0 640 0 0 0 0 1 0 0 0 640 0 0 0 0 1 0 0 0 0 0 0 0 0 0 0 0 0
fl=(5)
fn=(10)
0
cfi=(5)
cfn=(24)
calls=0 0
0 640 0 0 0 0 1 0 0 0 640 0 0 0 0 1 0 0 0 0 0 0 0 0 0 0 0 0
fl=(5)
fn=(24)
0
cfi=(5)
cfn=(10)
calls=0 0
0 640 0 0 0 0 1 0 0 0 640 0 0 0 0 1 0 0 0 0 0 0 0 0 0 0 0 0
fl=(5)
fn=(10)
0
cfi=(5)
cfn=(31)
calls=0 0
0 640 0 0 0 0 1 0 0 0 640 0 0 0 0 1 0 0 0 0 0 0 0 0 0 0 0 0
fl=(5)
fn=(31)
0
cfi=(5)
cfn=(32)
calls=0 0
0 640 0 0 0 0 1 0 0 0 640 0 0 0 0 1 0 0 0 0 0 0 0 0 0 0 0 0
fl=(5)
fn=(32)
0
cfi=(3)
cfn=(33)
calls=0 1328
0 640 0 0 0 0 1 0 0 0 640 0 0 0 0 1 0 0 0 0 0 0 0 0 0 0 0 0
fl=(3)
fn=(33)
1328 640 0 0 0 0 1 0 0 0 640 0 0 0 0 1 0 0 0 0 0 0 0 0 0 0 0 0

fl=(1)
fn=(1)
541
cfi=(5)
cfn=(7)
calls=0 0
541 640 0 0 0 0 1 0 0 0 640 0 0 0 0 1 0 0 0 0 0 0 0 0 0 0 0 0
fl=(5)
fn=(7)
0
cfi=(5)
cfn=(12)
calls=0 0
0 640 0 0 0 0 1 0 0 0 640 0 0 0 0 1 0 0 0 0 0 0 0 0 0 0 0 0
fl=(5)
fn=(12)
0
cfi=(5)
cfn=(13)
calls=0 0
0 640 0 0 0 0 1 0 0 0 640 0 0 0 0 1 0 0 0 0 0 0 0 0 0 0 0 0
fl=(5)
fn=(13)
0
cfi=(5)
cfn=(14)
calls=0 0
0 640 0 0 0 0 1 0 0 0 640 0 0 0 0 1 0 0 0 0 0 0 0 0 0 0 0 0
fl=(5)
fn=(14)
0
cfi=(5)
cfn=(23)
calls=0 0
0 640 0 0 0 0 1 0 0 0 640 0 0 0 0 1 0 0 0 0 0 0 0 0 0 0 0 0
fl=(5)
fn=(23)
0
cfi=(5)
cfn=(10)
calls=0 0
0 640 0 0 0 0 1 0 0 0 640 0 0 0 0 1 0 0 0 0 0 0 0 0 0 0 0 0
fl=(5)
fn=(10)
0
cfi=(3)
cfn=(3)
calls=0 381
0 640 0 0 0 0 1 0 0 0 640 0 0 0 0 1 0 0 0 0 0 0 0 0 0 0 0 0
fl=(3)
fn=(3)
381 640 0 0 0 0 1 0 0 0 640 0 0 0 0 1 0 0 0 0 0 0 0 0 0 0 0 0

fl=(1)
fn=(1)
541
cfi=(5)
cfn=(7)
calls=0 0
541 760 0 0 0 0 1 0 0 0 760 0 0 0 0 1 0 0 0 0 0 0 0 0 0 0 0 0
fl=(5)
fn=(7)
0
cfi=(5)
cfn=(12)
calls=0 0
0 760 0 0 0 0 1 0 0 0 760 0 0 0 0 1 0 0 0 0 0 0 0 0 0 0 0 0
fl=(5)
fn=(12)
0
cfi=(5)
cfn=(13)
calls=0 0
0 760 0 0 0 0 1 0 0 0 760 0 0 0 0 1 0 0 0 0 0 0 0 0 0 0 0 0
fl=(5)
fn=(13)
0
cfi=(5)
cfn=(14)
calls=0 0
0 760 0 0 0 0 1 0 0 0 760 0 0 0 0 1 0 0 0 0 0 0 0 0 0 0 0 0
fl=(5)
fn=(14)
0
cfi=(5)
cfn=(23)
calls=0 0
0 760 0 0 0 0 1 0 0 0 760 0 0 0 0 1 0 0 0 0 0 0 0 0 0 0 0 0
fl=(5)
fn=(23)
0
cfi=(3)
cfn=(33)
calls=0 1328
0 760 0 0 0 0 1 0 0 0 760 0 0 0 0 1 0 0 0 0 0 0 0 0 0 0 0 0
fl=(3)
fn=(33)
1328 760 0 0 0 0 1 0 0 0 760 0 0 0 0 1 0 0 0 0 0 0 0 0 0 0 0 0

fl=(1)
fn=(1)
541
cfi=(5)
cfn=(7)
calls=0 0
541 984 0 0 0 0 1 0 0 0 984 0 0 0 0 1 0 0 0 0 0 0 0 0 0 0 0 0
fl=(5)
fn=(7)
0
cfi=(5)
cfn=(12)
calls=0 0
0 984 0 0 0 0 1 0 0 0 984 0 0 0 0 1 0 0 0 0 0 0 0 0 0 0 0 0
fl=(5)
fn=(12)
0
cfi=(5)
cfn=(13)
calls=0 0
0 984 0 0 0 0 1 0 0 0 984 0 0 0 0 1 0 0 0 0 0 0 0 0 0 0 0 0
fl=(5)
fn=(13)
0
cfi=(5)
cfn=(14)
calls=0 0
0 984 0 0 0 0 1 0 0 0 984 0 0 0 0 1 0 0 0 0 0 0 0 0 0 0 0 0
fl=(5)
fn=(14)
0
cfi=(5)
cfn=(23)
calls=0 0
0 984 0 0 0 0 1 0 0 0 984 0 0 0 0 1 0 0 0 0 0 0 0 0 0 0 0 0
fl=(5)
fn=(23)
0
cfi=(5)
cfn=(10)
calls=0 0
0 984 0 0 0 0 1 0 0 0 984 0 0 0 0 1 0 0 0 0 0 0 0 0 0 0 0 0
fl=(5)
fn=(10)
0
cfi=(5)
cfn=(24)
calls=0 0
0 984 0 0 0 0 1 0 0 0 984 0 0 0 0 1 0 0 0 0 0 0 0 0 0 0 0 0
fl=(5)
fn=(24)
0
cfi=(5)
cfn=(10)
calls=0 0
0 984 0 0 0 0 1 0 0 0 984 0 0 0 0 1 0 0 0 0 0 0 0 0 0 0 0 0
fl=(5)
fn=(10)
0
cfi=(5)
cfn=(31)
calls=0 0
0 984 0 0 0 0 1 0 0 0 984 0 0 0 0 1 0 0 0 0 0 0 0 0 0 0 0 0
fl=(5)
fn=(31)
0
cfi=(5)
cfn=(32)
calls=0 0
0 984 0 0 0 0 1 0 0 0 984 0 0 0 0 1 0 0 0 0 0 0 0 0 0 0 0 0
fl=(5)
fn=(32)
0
cfi=(3)
cfn=(3)
calls=0 381
0 984 0 0 0 0 1 0 0 0 984 0 0 0 0 1 0 0 0 0 0 0 0 0 0 0 0 0
fl=(3)
fn=(3)
381 984 0 0 0 0 1 0 0 0 984 0 0 0 0 1 0 0 0 0 0 0 0 0 0 0 0 0

fl=(1)
fn=(1)
541
cfi=(5)
cfn=(7)
calls=0 0
541 985 0 0 0 0 1 0 0 0 985 0 0 0 0 1 0 0 0 0 0 0 0 0 0 0 0 0
fl=(5)
fn=(7)
0
cfi=(5)
cfn=(12)
calls=0 0
0 985 0 0 0 0 1 0 0 0 985 0 0 0 0 1 0 0 0 0 0 0 0 0 0 0 0 0
fl=(5)
fn=(12)
0
cfi=(5)
cfn=(13)
calls=0 0
0 985 0 0 0 0 1 0 0 0 985 0 0 0 0 1 0 0 0 0 0 0 0 0 0 0 0 0
fl=(5)
fn=(13)
0
cfi=(5)
cfn=(14)
calls=0 0
0 985 0 0 0 0 1 0 0 0 985 0 0 0 0 1 0 0 0 0 0 0 0 0 0 0 0 0
fl=(5)
fn=(14)
0
cfi=(5)
cfn=(23)
calls=0 0
0 985 0 0 0 0 1 0 0 0 985 0 0 0 0 1 0 0 0 0 0 0 0 0 0 0 0 0
fl=(5)
fn=(23)
0
cfi=(5)
cfn=(10)
calls=0 0
0 985 0 0 0 0 1 0 0 0 985 0 0 0 0 1 0 0 0 0 0 0 0 0 0 0 0 0
fl=(5)
fn=(10)
0
cfi=(3)
cfn=(33)
calls=0 1328
0 985 0 0 0 0 1 0 0 0 985 0 0 0 0 1 0 0 0 0 0 0 0 0 0 0 0 0
fl=(3)
fn=(33)
1328 985 0 0 0 0 1 0 0 0 985 0 0 0 0 1 0 0 0 0 0 0 0 0 0 0 0 0

fl=(1)
fn=(1)
541
cfi=(5)
cfn=(7)
calls=0 0
541 1024 0 0 0 0 1 0 0 0 1024 0 0 0 0 1 0 0 0 0 0 0 0 0 0 0 0 0
fl=(5)
fn=(7)
0
cfi=(5)
cfn=(38) readline_internal_setup
calls=0 0
0 1024 0 0 0 0 1 0 0 0 1024 0 0 0 0 1 0 0 0 0 0 0 0 0 0 0 0 0
fl=(5)
fn=(38)
0
cfi=(5)
cfn=(39) rl_redisplay
calls=0 0
0 1024 0 0 0 0 1 0 0 0 1024 0 0 0 0 1 0 0 0 0 0 0 0 0 0 0 0 0
fl=(5)
fn=(39)
0
cfi=(5)
cfn=(10)
calls=0 0
0 1024 0 0 0 0 1 0 0 0 1024 0 0 0 0 1 0 0 0 0 0 0 0 0 0 0 0 0
fl=(5)
fn=(10)
0
cfi=(5)
cfn=(10)
calls=0 0
0 1024 0 0 0 0 1 0 0 0 1024 0 0 0 0 1 0 0 0 0 0 0 0 0 0 0 0 0
fl=(5)
fn=(10)
0
cfi=(5)
cfn=(11)
calls=0 0
0 1024 0 0 0 0 1 0 0 0 1024 0 0 0 0 1 0 0 0 0 0 0 0 0 0 0 0 0
fl=(5)
fn=(11)
0
cfi=(3)
cfn=(3)
calls=0 381
0 1024 0 0 0 0 1 0 0 0 1024 0 0 0 0 1 0 0 0 0 0 0 0 0 0 0 0 0
fl=(3)
fn=(3)
381 1024 0 0 0 0 1 0 0 0 1024 0 0 0 0 1 0 0 0 0 0 0 0 0 0 0 0 0

fl=(1)
fn=(1)
541
cfi=(5)
cfn=(7)
calls=0 0
541 1024 0 0 0 0 1 0 0 0 1024 0 0 0 0 1 0 0 0 0 0 0 0 0 0 0 0 0
fl=(5)
fn=(7)
0
cfi=(5)
cfn=(38)
calls=0 0
0 1024 0 0 0 0 1 0 0 0 1024 0 0 0 0 1 0 0 0 0 0 0 0 0 0 0 0 0
fl=(5)
fn=(38)
0
cfi=(5)
cfn=(39)
calls=0 0
0 1024 0 0 0 0 1 0 0 0 1024 0 0 0 0 1 0 0 0 0 0 0 0 0 0 0 0 0
fl=(5)
fn=(39)
0
cfi=(5)
cfn=(10)
calls=0 0
0 1024 0 0 0 0 1 0 0 0 1024 0 0 0 0 1 0 0 0 0 0 0 0 0 0 0 0 0
fl=(5)
fn=(10)
0
cfi=(5)
cfn=(10)
calls=0 0
0 1024 0 0 0 0 1 0 0 0 1024 0 0 0 0 1 0 0 0 0 0 0 0 0 0 0 0 0
fl=(5)
fn=(10)
0
cfi=(5)
cfn=(11)
calls=0 0
0 1024 0 0 0 0 1 0 0 0 1024 0 0 0 0 1 0 0 0 0 0 0 0 0 0 0 0 0
fl=(5)
fn=(11)
0
cfi=(3)
cfn=(3)
calls=0 381
0 1024 0 0 0 0 1 0 0 0 1024 0 0 0 0 1 0 0 0 0 0 0 0 0 0 0 0 0
fl=(3)
fn=(3)
381 1024 0 0 0 0 1 0 0 0 1024 0 0 0 0 1 0 0 0 0 0 0 0 0 0 0 0 0

fl=(1)
fn=(1)
541
cfi=(5)
cfn=(7)
calls=0 0
541 1024 0 0 0 0 1 0 0 0 1024 0 0 0 0 1 0 0 0 0 0 0 0 0 0 0 0 0
fl=(5)
fn=(7)
0
cfi=(5)
cfn=(38)
calls=0 0
0 1024 0 0 0 0 1 0 0 0 1024 0 0 0 0 1 0 0 0 0 0 0 0 0 0 0 0 0
fl=(5)
fn=(38)
0
cfi=(5)
cfn=(39)
calls=0 0
0 1024 0 0 0 0 1 0 0 0 1024 0 0 0 0 1 0 0 0 0 0 0 0 0 0 0 0 0
fl=(5)
fn=(39)
0
cfi=(5)
cfn=(10)
calls=0 0
0 1024 0 0 0 0 1 0 0 0 1024 0 0 0 0 1 0 0 0 0 0 0 0 0 0 0 0 0
fl=(5)
fn=(10)
0
cfi=(5)
cfn=(10)
calls=0 0
0 1024 0 0 0 0 1 0 0 0 1024 0 0 0 0 1 0 0 0 0 0 0 0 0 0 0 0 0
fl=(5)
fn=(10)
0
cfi=(5)
cfn=(11)
calls=0 0
0 1024 0 0 0 0 1 0 0 0 1024 0 0 0 0 1 0 0 0 0 0 0 0 0 0 0 0 0
fl=(5)
fn=(11)
0
cfi=(3)
cfn=(3)
calls=0 381
0 1024 0 0 0 0 1 0 0 0 1024 0 0 0 0 1 0 0 0 0 0 0 0 0 0 0 0 0
fl=(3)
fn=(3)
381 1024 0 0 0 0 1 0 0 0 1024 0 0 0 0 1 0 0 0 0 0 0 0 0 0 0 0 0

fl=(1)
fn=(1)
541
cfi=(5)
cfn=(7)
calls=0 0
541 1024 0 0 0 0 1 0 0 0 1024 0 0 0 0 1 0 0 0 0 0 0 0 0 0 0 0 0
fl=(5)
fn=(7)
0
cfi=(5)
cfn=(38)
calls=0 0
0 1024 0 0 0 0 1 0 0 0 1024 0 0 0 0 1 0 0 0 0 0 0 0 0 0 0 0 0
fl=(5)
fn=(38)
0
cfi=(5)
cfn=(39)
calls=0 0
0 1024 0 0 0 0 1 0 0 0 1024 0 0 0 0 1 0 0 0 0 0 0 0 0 0 0 0 0
fl=(5)
fn=(39)
0
cfi=(5)
cfn=(10)
calls=0 0
0 1024 0 0 0 0 1 0 0 0 1024 0 0 0 0 1 0 0 0 0 0 0 0 0 0 0 0 0
fl=(5)
fn=(10)
0
cfi=(5)
cfn=(10)
calls=0 0
0 1024 0 0 0 0 1 0 0 0 1024 0 0 0 0 1 0 0 0 0 0 0 0 0 0 0 0 0
fl=(5)
fn=(10)
0
cfi=(5)
cfn=(11)
calls=0 0
0 1024 0 0 0 0 1 0 0 0 1024 0 0 0 0 1 0 0 0 0 0 0 0 0 0 0 0 0
fl=(5)
fn=(11)
0
cfi=(3)
cfn=(3)
calls=0 381
0 1024 0 0 0 0 1 0 0 0 1024 0 0 0 0 1 0 0 0 0 0 0 0 0 0 0 0 0
fl=(3)
fn=(3)
381 1024 0 0 0 0 1 0 0 0 1024 0 0 0 0 1 0 0 0 0 0 0 0 0 0 0 0 0

fl=(1)
fn=(1)
541
cfi=(5)
cfn=(7)
calls=0 0
541 1024 0 0 0 0 1 0 0 0 1024 0 0 0 0 1 0 0 0 0 0 0 0 0 0 0 0 0
fl=(5)
fn=(7)
0
cfi=(5)
cfn=(38)
calls=0 0
0 1024 0 0 0 0 1 0 0 0 1024 0 0 0 0 1 0 0 0 0 0 0 0 0 0 0 0 0
fl=(5)
fn=(38)
0
cfi=(5)
cfn=(39)
calls=0 0
0 1024 0 0 0 0 1 0 0 0 1024 0 0 0 0 1 0 0 0 0 0 0 0 0 0 0 0 0
fl=(5)
fn=(39)
0
cfi=(5)
cfn=(10)
calls=0 0
0 1024 0 0 0 0 1 0 0 0 1024 0 0 0 0 1 0 0 0 0 0 0 0 0 0 0 0 0
fl=(5)
fn=(10)
0
cfi=(5)
cfn=(17)
calls=0 0
0 1024 0 0 0 0 1 0 0 0 1024 0 0 0 0 1 0 0 0 0 0 0 0 0 0 0 0 0
fl=(5)
fn=(17)
0
cfi=(3)
cfn=(3)
calls=0 381
0 1024 0 0 0 0 1 0 0 0 1024 0 0 0 0 1 0 0 0 0 0 0 0 0 0 0 0 0
fl=(3)
fn=(3)
381 1024 0 0 0 0 1 0 0 0 1024 0 0 0 0 1 0 0 0 0 0 0 0 0 0 0 0 0

fl=(1)
fn=(1)
541
cfi=(5)
cfn=(7)
calls=0 0
541 1024 0 0 0 0 1 0 0 0 1024 0 0 0 0 1 0 0 0 0 0 0 0 0 0 0 0 0
fl=(5)
fn=(7)
0
cfi=(5)
cfn=(38)
calls=0 0
0 1024 0 0 0 0 1 0 0 0 1024 0 0 0 0 1 0 0 0 0 0 0 0 0 0 0 0 0
fl=(5)
fn=(38)
0
cfi=(5)
cfn=(39)
calls=0 0
0 1024 0 0 0 0 1 0 0 0 1024 0 0 0 0 1 0 0 0 0 0 0 0 0 0 0 0 0
fl=(5)
fn=(39)
0
cfi=(5)
cfn=(10)
calls=0 0
0 1024 0 0 0 0 1 0 0 0 1024 0 0 0 0 1 0 0 0 0 0 0 0 0 0 0 0 0
fl=(5)
fn=(10)
0
cfi=(5)
cfn=(17)
calls=0 0
0 1024 0 0 0 0 1 0 0 0 1024 0 0 0 0 1 0 0 0 0 0 0 0 0 0 0 0 0
fl=(5)
fn=(17)
0
cfi=(3)
cfn=(3)
calls=0 381
0 1024 0 0 0 0 1 0 0 0 1024 0 0 0 0 1 0 0 0 0 0 0 0 0 0 0 0 0
fl=(3)
fn=(3)
381 1024 0 0 0 0 1 0 0 0 1024 0 0 0 0 1 0 0 0 0 0 0 0 0 0 0 0 0

fl=(1)
fn=(1)
541
cfi=(5)
cfn=(7)
calls=0 0
541 1024 0 0 0 0 1 0 0 0 1024 0 0 0 0 1 0 0 0 0 0 0 0 0 0 0 0 0
fl=(5)
fn=(7)
0
cfi=(5)
cfn=(38)
calls=0 0
0 1024 0 0 0 0 1 0 0 0 1024 0 0 0 0 1 0 0 0 0 0 0 0 0 0 0 0 0
fl=(5)
fn=(38)
0
cfi=(5)
cfn=(39)
calls=0 0
0 1024 0 0 0 0 1 0 0 0 1024 0 0 0 0 1 0 0 0 0 0 0 0 0 0 0 0 0
fl=(5)
fn=(39)
0
cfi=(5)
cfn=(10)
calls=0 0
0 1024 0 0 0 0 1 0 0 0 1024 0 0 0 0 1 0 0 0 0 0 0 0 0 0 0 0 0
fl=(5)
fn=(10)
0
cfi=(5)
cfn=(17)
calls=0 0
0 1024 0 0 0 0 1 0 0 0 1024 0 0 0 0 1 0 0 0 0 0 0 0 0 0 0 0 0
fl=(5)
fn=(17)
0
cfi=(3)
cfn=(3)
calls=0 381
0 1024 0 0 0 0 1 0 0 0 1024 0 0 0 0 1 0 0 0 0 0 0 0 0 0 0 0 0
fl=(3)
fn=(3)
381 1024 0 0 0 0 1 0 0 0 1024 0 0 0 0 1 0 0 0 0 0 0 0 0 0 0 0 0

fl=(1)
fn=(1)
541
cfi=(5)
cfn=(7)
calls=0 0
541 1024 0 0 0 0 1 0 0 0 1024 0 0 0 0 1 0 0 0 0 0 0 0 0 0 0 0 0
fl=(5)
fn=(7)
0
cfi=(5)
cfn=(38)
calls=0 0
0 1024 0 0 0 0 1 0 0 0 1024 0 0 0 0 1 0 0 0 0 0 0 0 0 0 0 0 0
fl=(5)
fn=(38)
0
cfi=(5)
cfn=(39)
calls=0 0
0 1024 0 0 0 0 1 0 0 0 1024 0 0 0 0 1 0 0 0 0 0 0 0 0 0 0 0 0
fl=(5)
fn=(39)
0
cfi=(5)
cfn=(10)
calls=0 0
0 1024 0 0 0 0 1 0 0 0 1024 0 0 0 0 1 0 0 0 0 0 0 0 0 0 0 0 0
fl=(5)
fn=(10)
0
cfi=(5)
cfn=(17)
calls=0 0
0 1024 0 0 0 0 1 0 0 0 1024 0 0 0 0 1 0 0 0 0 0 0 0 0 0 0 0 0
fl=(5)
fn=(17)
0
cfi=(3)
cfn=(3)
calls=0 381
0 1024 0 0 0 0 1 0 0 0 1024 0 0 0 0 1 0 0 0 0 0 0 0 0 0 0 0 0
fl=(3)
fn=(3)
381 1024 0 0 0 0 1 0 0 0 1024 0 0 0 0 1 0 0 0 0 0 0 0 0 0 0 0 0

fl=(1)
fn=(1)
541
cfi=(5)
cfn=(7)
calls=0 0
541 1536 0 0 0 0 1 0 0 0 1536 0 0 0 0 1 0 0 0 0 0 0 0 0 0 0 0 0
fl=(5)
fn=(7)
0
cfi=(5)
cfn=(12)
calls=0 0
0 1536 0 0 0 0 1 0 0 0 1536 0 0 0 0 1 0 0 0 0 0 0 0 0 0 0 0 0
fl=(5)
fn=(12)
0
cfi=(5)
cfn=(40) rl_initialize_funmap
calls=0 0
0 1536 0 0 0 0 1 0 0 0 1536 0 0 0 0 1 0 0 0 0 0 0 0 0 0 0 0 0
fl=(5)
fn=(40)
0
cfi=(5)
cfn=(41) rl_add_funmap_entry
calls=0 0
0 1536 0 0 0 0 1 0 0 0 1536 0 0 0 0 1 0 0 0 0 0 0 0 0 0 0 0 0
fl=(5)
fn=(41)
0
cfi=(5)
cfn=(11)
calls=0 0
0 1536 0 0 0 0 1 0 0 0 1536 0 0 0 0 1 0 0 0 0 0 0 0 0 0 0 0 0
fl=(5)
fn=(11)
0
cfi=(3)
cfn=(22)
calls=0 1437
0 1536 0 0 0 0 1 0 0 0 1536 0 0 0 0 1 0 0 0 0 0 0 0 0 0 0 0 0
fl=(3)
fn=(22)
1437 1536 0 0 0 0 1 0 0 0 1536 0 0 0 0 1 0 0 0 0 0 0 0 0 0 0 0 0

fl=(1)
fn=(1)
548
cfi=(1)
cfn=(4)
calls=0 438
548 0 0 1560 0 0 0 0 2 0 0 0 1560 0 0 0 0 2 0 0 0 0 0 0 0 0 0 0
fl=(1)
fn=(4)
438
cfi=(4)
cfn=(5)
calls=0 407
438 0 0 1560 0 0 0 0 2 0 0 0 1560 0 0 0 0 2 0 0 0 0 0 0 0 0 0 0
fl=(4)
fn=(5)
407
cfi=(4)
cfn=(6)
calls=0 334
407 0 0 1560 0 0 0 0 2 0 0 0 1560 0 0 0 0 2 0 0 0 0 0 0 0 0 0 0
fl=(4)
fn=(6)
334
cfi=(4)
cfn=(42) init_test
calls=0 369
334 0 0 1560 0 0 0 0 2 0 0 0 1560 0 0 0 0 2 0 0 0 0 0 0 0 0 0 0
fl=(4)
fn=(42)
369
cfi=(3)
cfn=(3)
calls=0 381
369 0 0 1560 0 0 0 0 2 0 0 0 1560 0 0 0 0 2 0 0 0 0 0 0 0 0 0 0
fl=(3)
fn=(3)
381 0 0 1560 0 0 0 0 2 0 0 0 1560 0 0 0 0 2 0 0 0 0 0 0 0 0 0 0

fl=(1)
fn=(1)
548
cfi=(1)
cfn=(4)
calls=0 438
548 0 0 0 1576 1560 0 0 0 1 0 0 0 1576 1560 0 0 0 1 0 0 0 0 0 0 0 0 0
fl=(1)
fn=(4)
438
cfi=(4)
cfn=(5)
calls=0 407
438 0 0 0 1576 1560 0 0 0 1 0 0 0 1576 1560 0 0 0 1 0 0 0 0 0 0 0 0 0
fl=(4)
fn=(5)
407
cfi=(4)
cfn=(6)
calls=0 334
407 0 0 0 1576 1560 0 0 0 1 0 0 0 1576 1560 0 0 0 1 0 0 0 0 0 0 0 0 0
fl=(4)
fn=(6)
334
cfi=(4)
cfn=(42)
calls=0 364
334 0 0 0 1576 1560 0 0 0 1 0 0 0 1576 1560 0 0 0 1 0 0 0 0 0 0 0 0 0
fl=(4)
fn=(42)
364
cfi=(3)
cfn=(3)
calls=0 381
364 0 0 0 1576 1560 0 0 0 1 0 0 0 1576 1560 0 0 0 1 0 0 0 0 0 0 0 0 0
fl=(3)
fn=(3)
381 0 0 0 1576 1560 0 0 0 1 0 0 0 1576 1560 0 0 0 1 0 0 0 0 0 0 0 0 0

fl=(1)
fn=(1)
541
cfi=(5)
cfn=(7)
calls=0 0
541 1664 0 0 0 0 1 0 0 0 1664 0 0 0 0 1 0 0 0 0 0 0 0 0 0 0 0 0
fl=(5)
fn=(7)
0
cfi=(5)
cfn=(12)
calls=0 0
0 1664 0 0 0 0 1 0 0 0 1664 0 0 0 0 1 0 0 0 0 0 0 0 0 0 0 0 0
fl=(5)
fn=(12)
0
cfi=(5)
cfn=(13)
calls=0 0
0 1664 0 0 0 0 1 0 0 0 1664 0 0 0 0 1 0 0 0 0 0 0 0 0 0 0 0 0
fl=(5)
fn=(13)
0
cfi=(5)
cfn=(14)
calls=0 0
0 1664 0 0 0 0 1 0 0 0 1664 0 0 0 0 1 0 0 0 0 0 0 0 0 0 0 0 0
fl=(5)
fn=(14)
0
cfi=(5)
cfn=(23)
calls=0 0
0 1664 0 0 0 0 1 0 0 0 1664 0 0 0 0 1 0 0 0 0 0 0 0 0 0 0 0 0
fl=(5)
fn=(23)
0
cfi=(5)
cfn=(10)
calls=0 0
0 1664 0 0 0 0 1 0 0 0 1664 0 0 0 0 1 0 0 0 0 0 0 0 0 0 0 0 0
fl=(5)
fn=(10)
0
cfi=(5)
cfn=(24)
calls=0 0
0 1664 0 0 0 0 1 0 0 0 1664 0 0 0 0 1 0 0 0 0 0 0 0 0 0 0 0 0
fl=(5)
fn=(24)
0
cfi=(5)
cfn=(10)
calls=0 0
0 1664 0 0 0 0 1 0 0 0 1664 0 0 0 0 1 0 0 0 0 0 0 0 0 0 0 0 0
fl=(5)
fn=(10)
0
cfi=(5)
cfn=(31)
calls=0 0
0 1664 0 0 0 0 1 0 0 0 1664 0 0 0 0 1 0 0 0 0 0 0 0 0 0 0 0 0
fl=(5)
fn=(31)
0
cfi=(5)
cfn=(32)
calls=0 0
0 1664 0 0 0 0 1 0 0 0 1664 0 0 0 0 1 0 0 0 0 0 0 0 0 0 0 0 0
fl=(5)
fn=(32)
0
cfi=(3)
cfn=(3)
calls=0 381
0 1664 0 0 0 0 1 0 0 0 1664 0 0 0 0 1 0 0 0 0 0 0 0 0 0 0 0 0
fl=(3)
fn=(3)
381 1664 0 0 0 0 1 0 0 0 1664 0 0 0 0 1 0 0 0 0 0 0 0 0 0 0 0 0

fl=(1)
fn=(1)
541
cfi=(5)
cfn=(7)
calls=0 0
541 2032 0 0 0 0 1 0 0 0 2032 0 0 0 0 1 0 0 0 0 0 0 0 0 0 0 0 0
fl=(5)
fn=(7)
0
cfi=(5)
cfn=(12)
calls=0 0
0 2032 0 0 0 0 1 0 0 0 2032 0 0 0 0 1 0 0 0 0 0 0 0 0 0 0 0 0
fl=(5)
fn=(12)
0
cfi=(5)
cfn=(13)
calls=0 0
0 2032 0 0 0 0 1 0 0 0 2032 0 0 0 0 1 0 0 0 0 0 0 0 0 0 0 0 0
fl=(5)
fn=(13)
0
cfi=(5)
cfn=(17)
calls=0 0
0 2032 0 0 0 0 1 0 0 0 2032 0 0 0 0 1 0 0 0 0 0 0 0 0 0 0 0 0
fl=(5)
fn=(17)
0
cfi=(3)
cfn=(3)
calls=0 381
0 2032 0 0 0 0 1 0 0 0 2032 0 0 0 0 1 0 0 0 0 0 0 0 0 0 0 0 0
fl=(3)
fn=(3)
381 2032 0 0 0 0 1 0 0 0 2032 0 0 0 0 1 0 0 0 0 0 0 0 0 0 0 0 0

fl=(1)
fn=(1)
541
cfi=(5)
cfn=(7)
calls=0 0
541 2246 0 0 0 0 1 0 0 0 2246 0 0 0 0 1 0 0 0 0 0 0 0 0 0 0 0 0
fl=(5)
fn=(7)
0
cfi=(5)
cfn=(12)
calls=0 0
0 2246 0 0 0 0 1 0 0 0 2246 0 0 0 0 1 0 0 0 0 0 0 0 0 0 0 0 0
fl=(5)
fn=(12)
0
cfi=(5)
cfn=(13)
calls=0 0
0 2246 0 0 0 0 1 0 0 0 2246 0 0 0 0 1 0 0 0 0 0 0 0 0 0 0 0 0
fl=(5)
fn=(13)
0
cfi=(5)
cfn=(14)
calls=0 0
0 2246 0 0 0 0 1 0 0 0 2246 0 0 0 0 1 0 0 0 0 0 0 0 0 0 0 0 0
fl=(5)
fn=(14)
0
cfi=(5)
cfn=(23)
calls=0 0
0 2246 0 0 0 0 1 0 0 0 2246 0 0 0 0 1 0 0 0 0 0 0 0 0 0 0 0 0
fl=(5)
fn=(23)
0
cfi=(5)
cfn=(10)
calls=0 0
0 2246 0 0 0 0 1 0 0 0 2246 0 0 0 0 1 0 0 0 0 0 0 0 0 0 0 0 0
fl=(5)
fn=(10)
0
cfi=(3)
cfn=(3)
calls=0 381
0 2246 0 0 0 0 1 0 0 0 2246 0 0 0 0 1 0 0 0 0 0 0 0 0 0 0 0 0
fl=(3)
fn=(3)
381 2246 0 0 0 0 1 0 0 0 2246 0 0 0 0 1 0 0 0 0 0 0 0 0 0 0 0 0

fl=(1)
fn=(1)
541
cfi=(5)
cfn=(7)
calls=0 0
541 2272 0 0 0 0 142 0 0 0 2272 0 0 0 0 142 0 0 0 0 0 0 0 0 0 0 0 0
fl=(5)
fn=(7)
0
cfi=(5)
cfn=(12)
calls=0 0
0 2272 0 0 0 0 142 0 0 0 2272 0 0 0 0 142 0 0 0 0 0 0 0 0 0 0 0 0
fl=(5)
fn=(12)
0
cfi=(5)
cfn=(40)
calls=0 0
0 2272 0 0 0 0 142 0 0 0 2272 0 0 0 0 142 0 0 0 0 0 0 0 0 0 0 0 0
fl=(5)
fn=(40)
0
cfi=(5)
cfn=(41)
calls=0 0
0 2272 0 0 0 0 142 0 0 0 2272 0 0 0 0 142 0 0 0 0 0 0 0 0 0 0 0 0
fl=(5)
fn=(41)
0
cfi=(5)
cfn=(17)
calls=0 0
0 2272 0 0 0 0 142 0 0 0 2272 0 0 0 0 142 0 0 0 0 0 0 0 0 0 0 0 0
fl=(5)
fn=(17)
0
cfi=(3)
cfn=(3)
calls=0 381
0 2272 0 0 0 0 142 0 0 0 2272 0 0 0 0 142 0 0 0 0 0 0 0 0 0 0 0 0
fl=(3)
fn=(3)
381 2272 0 0 0 0 142 0 0 0 2272 0 0 0 0 142 0 0 0 0 0 0 0 0 0 0 0 0

fl=(5)
fn=(7)
0
cfi=(5)
cfn=(12)
calls=0 0
0 3936 0 0 0 0 1 0 0 0 3936 0 0 0 0 1 0 0 0 0 0 0 0 0 0 0 0 0
fl=(5)
fn=(12)
0
cfi=(5)
cfn=(13)
calls=0 0
0 3936 0 0 0 0 1 0 0 0 3936 0 0 0 0 1 0 0 0 0 0 0 0 0 0 0 0 0
fl=(5)
fn=(13)
0
cfi=(5)
cfn=(14)
calls=0 0
0 3936 0 0 0 0 1 0 0 0 3936 0 0 0 0 1 0 0 0 0 0 0 0 0 0 0 0 0
fl=(5)
fn=(14)
0
cfi=(5)
cfn=(23)
calls=0 0
0 3936 0 0 0 0 1 0 0 0 3936 0 0 0 0 1 0 0 0 0 0 0 0 0 0 0 0 0
fl=(5)
fn=(23)
0
cfi=(5)
cfn=(10)
calls=0 0
0 3936 0 0 0 0 1 0 0 0 3936 0 0 0 0 1 0 0 0 0 0 0 0 0 0 0 0 0
fl=(5)
fn=(10)
0
cfi=(5)
cfn=(24)
calls=0 0
0 3936 0 0 0 0 1 0 0 0 3936 0 0 0 0 1 0 0 0 0 0 0 0 0 0 0 0 0
fl=(5)
fn=(24)
0
cfi=(5)
cfn=(10)
calls=0 0
0 3936 0 0 0 0 1 0 0 0 3936 0 0 0 0 1 0 0 0 0 0 0 0 0 0 0 0 0
fl=(5)
fn=(10)
0
cfi=(5)
cfn=(31)
calls=0 0
0 3936 0 0 0 0 1 0 0 0 3936 0 0 0 0 1 0 0 0 0 0 0 0 0 0 0 0 0
fl=(5)
fn=(31)
0
cfi=(5)
cfn=(32)
calls=0 0
0 3936 0 0 0 0 1 0 0 0 3936 0 0 0 0 1 0 0 0 0 0 0 0 0 0 0 0 0
fl=(5)
fn=(32)
0
cfi=(5)
cfn=(21)
calls=0 0
0 3936 0 0 0 0 1 0 0 0 3936 0 0 0 0 1 0 0 0 0 0 0 0 0 0 0 0 0
fl=(5)
fn=(21)
0
cfi=(3)
cfn=(22)
calls=0 1437
0 3936 0 0 0 0 1 0 0 0 3936 0 0 0 0 1 0 0 0 0 0 0 0 0 0 0 0 0
fl=(3)
fn=(22)
1437 3936 0 0 0 0 1 0 0 0 3936 0 0 0 0 1 0 0 0 0 0 0 0 0 0 0 0 0

fl=(1)
fn=(1)
541
cfi=(5)
cfn=(7)
calls=0 0
541 3936 0 0 0 0 1 0 0 0 3936 0 0 0 0 1 0 0 0 0 0 0 0 0 0 0 0 0
fl=(5)
fn=(7)
0
cfi=(5)
cfn=(12)
calls=0 0
0 3936 0 0 0 0 1 0 0 0 3936 0 0 0 0 1 0 0 0 0 0 0 0 0 0 0 0 0
fl=(5)
fn=(12)
0
cfi=(5)
cfn=(13)
calls=0 0
0 3936 0 0 0 0 1 0 0 0 3936 0 0 0 0 1 0 0 0 0 0 0 0 0 0 0 0 0
fl=(5)
fn=(13)
0
cfi=(5)
cfn=(14)
calls=0 0
0 3936 0 0 0 0 1 0 0 0 3936 0 0 0 0 1 0 0 0 0 0 0 0 0 0 0 0 0
fl=(5)
fn=(14)
0
cfi=(5)
cfn=(23)
calls=0 0
0 3936 0 0 0 0 1 0 0 0 3936 0 0 0 0 1 0 0 0 0 0 0 0 0 0 0 0 0
fl=(5)
fn=(23)
0
cfi=(5)
cfn=(10)
calls=0 0
0 3936 0 0 0 0 1 0 0 0 3936 0 0 0 0 1 0 0 0 0 0 0 0 0 0 0 0 0
fl=(5)
fn=(10)
0
cfi=(3)
cfn=(3)
calls=0 381
0 3936 0 0 0 0 1 0 0 0 3936 0 0 0 0 1 0 0 0 0 0 0 0 0 0 0 0 0
fl=(3)
fn=(3)
381 3936 0 0 0 0 1 0 0 0 3936 0 0 0 0 1 0 0 0 0 0 0 0 0 0 0 0 0

fl=(1)
fn=(1)
541
cfi=(5)
cfn=(7)
calls=0 0
541 4080 0 0 0 0 1 0 0 0 4080 0 0 0 0 1 0 0 0 0 0 0 0 0 0 0 0 0
fl=(5)
fn=(7)
0
cfi=(5)
cfn=(12)
calls=0 0
0 4080 0 0 0 0 1 0 0 0 4080 0 0 0 0 1 0 0 0 0 0 0 0 0 0 0 0 0
fl=(5)
fn=(12)
0
cfi=(5)
cfn=(13)
calls=0 0
0 4080 0 0 0 0 1 0 0 0 4080 0 0 0 0 1 0 0 0 0 0 0 0 0 0 0 0 0
fl=(5)
fn=(13)
0
cfi=(5)
cfn=(17)
calls=0 0
0 4080 0 0 0 0 1 0 0 0 4080 0 0 0 0 1 0 0 0 0 0 0 0 0 0 0 0 0
fl=(5)
fn=(17)
0
cfi=(3)
cfn=(3)
calls=0 381
0 4080 0 0 0 0 1 0 0 0 4080 0 0 0 0 1 0 0 0 0 0 0 0 0 0 0 0 0
fl=(3)
fn=(3)
381 4080 0 0 0 0 1 0 0 0 4080 0 0 0 0 1 0 0 0 0 0 0 0 0 0 0 0 0

fl=(1)
fn=(1)
541
cfi=(5)
cfn=(7)
calls=0 0
541 4112 0 0 0 0 1 0 0 0 4112 0 0 0 0 1 0 0 0 0 0 0 0 0 0 0 0 0
fl=(5)
fn=(7)
0
cfi=(5)
cfn=(12)
calls=0 0
0 4112 0 0 0 0 1 0 0 0 4112 0 0 0 0 1 0 0 0 0 0 0 0 0 0 0 0 0
fl=(5)
fn=(12)
0
cfi=(5)
cfn=(13)
calls=0 0
0 4112 0 0 0 0 1 0 0 0 4112 0 0 0 0 1 0 0 0 0 0 0 0 0 0 0 0 0
fl=(5)
fn=(13)
0
cfi=(5)
cfn=(10)
calls=0 0
0 4112 0 0 0 0 1 0 0 0 4112 0 0 0 0 1 0 0 0 0 0 0 0 0 0 0 0 0
fl=(5)
fn=(10)
0
cfi=(5)
cfn=(43) rl_bind_keyseq_if_unbound_in_map
calls=0 0
0 4112 0 0 0 0 1 0 0 0 4112 0 0 0 0 1 0 0 0 0 0 0 0 0 0 0 0 0
fl=(5)
fn=(43)
0
cfi=(5)
cfn=(44) rl_generic_bind
calls=0 0
0 4112 0 0 0 0 1 0 0 0 4112 0 0 0 0 1 0 0 0 0 0 0 0 0 0 0 0 0
fl=(5)
fn=(44)
0
cfi=(5)
cfn=(45) rl_make_bare_keymap
calls=0 0
0 4112 0 0 0 0 1 0 0 0 4112 0 0 0 0 1 0 0 0 0 0 0 0 0 0 0 0 0
fl=(5)
fn=(45)
0
cfi=(5)
cfn=(17)
calls=0 0
0 4112 0 0 0 0 1 0 0 0 4112 0 0 0 0 1 0 0 0 0 0 0 0 0 0 0 0 0
fl=(5)
fn=(17)
0
cfi=(3)
cfn=(3)
calls=0 381
0 4112 0 0 0 0 1 0 0 0 4112 0 0 0 0 1 0 0 0 0 0 0 0 0 0 0 0 0
fl=(3)
fn=(3)
381 4112 0 0 0 0 1 0 0 0 4112 0 0 0 0 1 0 0 0 0 0 0 0 0 0 0 0 0

fl=(1)
fn=(1)
541
cfi=(5)
cfn=(7)
calls=0 0
541 4112 0 0 0 0 1 0 0 0 4112 0 0 0 0 1 0 0 0 0 0 0 0 0 0 0 0 0
fl=(5)
fn=(7)
0
cfi=(5)
cfn=(12)
calls=0 0
0 4112 0 0 0 0 1 0 0 0 4112 0 0 0 0 1 0 0 0 0 0 0 0 0 0 0 0 0
fl=(5)
fn=(12)
0
cfi=(5)
cfn=(13)
calls=0 0
0 4112 0 0 0 0 1 0 0 0 4112 0 0 0 0 1 0 0 0 0 0 0 0 0 0 0 0 0
fl=(5)
fn=(13)
0
cfi=(5)
cfn=(10)
calls=0 0
0 4112 0 0 0 0 1 0 0 0 4112 0 0 0 0 1 0 0 0 0 0 0 0 0 0 0 0 0
fl=(5)
fn=(10)
0
cfi=(5)
cfn=(43)
calls=0 0
0 4112 0 0 0 0 1 0 0 0 4112 0 0 0 0 1 0 0 0 0 0 0 0 0 0 0 0 0
fl=(5)
fn=(43)
0
cfi=(5)
cfn=(44)
calls=0 0
0 4112 0 0 0 0 1 0 0 0 4112 0 0 0 0 1 0 0 0 0 0 0 0 0 0 0 0 0
fl=(5)
fn=(44)
0
cfi=(5)
cfn=(45)
calls=0 0
0 4112 0 0 0 0 1 0 0 0 4112 0 0 0 0 1 0 0 0 0 0 0 0 0 0 0 0 0
fl=(5)
fn=(45)
0
cfi=(5)
cfn=(17)
calls=0 0
0 4112 0 0 0 0 1 0 0 0 4112 0 0 0 0 1 0 0 0 0 0 0 0 0 0 0 0 0
fl=(5)
fn=(17)
0
cfi=(3)
cfn=(3)
calls=0 381
0 4112 0 0 0 0 1 0 0 0 4112 0 0 0 0 1 0 0 0 0 0 0 0 0 0 0 0 0
fl=(3)
fn=(3)
381 4112 0 0 0 0 1 0 0 0 4112 0 0 0 0 1 0 0 0 0 0 0 0 0 0 0 0 0

fl=(1)
fn=(1)
541
cfi=(5)
cfn=(7)
calls=0 0
541 4112 0 0 0 0 1 0 0 0 4112 0 0 0 0 1 0 0 0 0 0 0 0 0 0 0 0 0
fl=(5)
fn=(7)
0
cfi=(5)
cfn=(12)
calls=0 0
0 4112 0 0 0 0 1 0 0 0 4112 0 0 0 0 1 0 0 0 0 0 0 0 0 0 0 0 0
fl=(5)
fn=(12)
0
cfi=(5)
cfn=(13)
calls=0 0
0 4112 0 0 0 0 1 0 0 0 4112 0 0 0 0 1 0 0 0 0 0 0 0 0 0 0 0 0
fl=(5)
fn=(13)
0
cfi=(5)
cfn=(10)
calls=0 0
0 4112 0 0 0 0 1 0 0 0 4112 0 0 0 0 1 0 0 0 0 0 0 0 0 0 0 0 0
fl=(5)
fn=(10)
0
cfi=(5)
cfn=(43)
calls=0 0
0 4112 0 0 0 0 1 0 0 0 4112 0 0 0 0 1 0 0 0 0 0 0 0 0 0 0 0 0
fl=(5)
fn=(43)
0
cfi=(5)
cfn=(44)
calls=0 0
0 4112 0 0 0 0 1 0 0 0 4112 0 0 0 0 1 0 0 0 0 0 0 0 0 0 0 0 0
fl=(5)
fn=(44)
0
cfi=(5)
cfn=(45)
calls=0 0
0 4112 0 0 0 0 1 0 0 0 4112 0 0 0 0 1 0 0 0 0 0 0 0 0 0 0 0 0
fl=(5)
fn=(45)
0
cfi=(5)
cfn=(17)
calls=0 0
0 4112 0 0 0 0 1 0 0 0 4112 0 0 0 0 1 0 0 0 0 0 0 0 0 0 0 0 0
fl=(5)
fn=(17)
0
cfi=(3)
cfn=(3)
calls=0 381
0 4112 0 0 0 0 1 0 0 0 4112 0 0 0 0 1 0 0 0 0 0 0 0 0 0 0 0 0
fl=(3)
fn=(3)
381 4112 0 0 0 0 1 0 0 0 4112 0 0 0 0 1 0 0 0 0 0 0 0 0 0 0 0 0

fl=(1)
fn=(1)
541
cfi=(5)
cfn=(7)
calls=0 0
541 4112 0 0 0 0 1 0 0 0 4112 0 0 0 0 1 0 0 0 0 0 0 0 0 0 0 0 0
fl=(5)
fn=(7)
0
cfi=(5)
cfn=(12)
calls=0 0
0 4112 0 0 0 0 1 0 0 0 4112 0 0 0 0 1 0 0 0 0 0 0 0 0 0 0 0 0
fl=(5)
fn=(12)
0
cfi=(5)
cfn=(13)
calls=0 0
0 4112 0 0 0 0 1 0 0 0 4112 0 0 0 0 1 0 0 0 0 0 0 0 0 0 0 0 0
fl=(5)
fn=(13)
0
cfi=(5)
cfn=(10)
calls=0 0
0 4112 0 0 0 0 1 0 0 0 4112 0 0 0 0 1 0 0 0 0 0 0 0 0 0 0 0 0
fl=(5)
fn=(10)
0
cfi=(5)
cfn=(43)
calls=0 0
0 4112 0 0 0 0 1 0 0 0 4112 0 0 0 0 1 0 0 0 0 0 0 0 0 0 0 0 0
fl=(5)
fn=(43)
0
cfi=(5)
cfn=(44)
calls=0 0
0 4112 0 0 0 0 1 0 0 0 4112 0 0 0 0 1 0 0 0 0 0 0 0 0 0 0 0 0
fl=(5)
fn=(44)
0
cfi=(5)
cfn=(45)
calls=0 0
0 4112 0 0 0 0 1 0 0 0 4112 0 0 0 0 1 0 0 0 0 0 0 0 0 0 0 0 0
fl=(5)
fn=(45)
0
cfi=(5)
cfn=(17)
calls=0 0
0 4112 0 0 0 0 1 0 0 0 4112 0 0 0 0 1 0 0 0 0 0 0 0 0 0 0 0 0
fl=(5)
fn=(17)
0
cfi=(3)
cfn=(3)
calls=0 381
0 4112 0 0 0 0 1 0 0 0 4112 0 0 0 0 1 0 0 0 0 0 0 0 0 0 0 0 0
fl=(3)
fn=(3)
381 4112 0 0 0 0 1 0 0 0 4112 0 0 0 0 1 0 0 0 0 0 0 0 0 0 0 0 0

fl=(1)
fn=(1)
541
cfi=(5)
cfn=(7)
calls=0 0
541 4112 0 0 0 0 1 0 0 0 4112 0 0 0 0 1 0 0 0 0 0 0 0 0 0 0 0 0
fl=(5)
fn=(7)
0
cfi=(5)
cfn=(12)
calls=0 0
0 4112 0 0 0 0 1 0 0 0 4112 0 0 0 0 1 0 0 0 0 0 0 0 0 0 0 0 0
fl=(5)
fn=(12)
0
cfi=(5)
cfn=(13)
calls=0 0
0 4112 0 0 0 0 1 0 0 0 4112 0 0 0 0 1 0 0 0 0 0 0 0 0 0 0 0 0
fl=(5)
fn=(13)
0
cfi=(5)
cfn=(10)
calls=0 0
0 4112 0 0 0 0 1 0 0 0 4112 0 0 0 0 1 0 0 0 0 0 0 0 0 0 0 0 0
fl=(5)
fn=(10)
0
cfi=(5)
cfn=(43)
calls=0 0
0 4112 0 0 0 0 1 0 0 0 4112 0 0 0 0 1 0 0 0 0 0 0 0 0 0 0 0 0
fl=(5)
fn=(43)
0
cfi=(5)
cfn=(44)
calls=0 0
0 4112 0 0 0 0 1 0 0 0 4112 0 0 0 0 1 0 0 0 0 0 0 0 0 0 0 0 0
fl=(5)
fn=(44)
0
cfi=(5)
cfn=(45)
calls=0 0
0 4112 0 0 0 0 1 0 0 0 4112 0 0 0 0 1 0 0 0 0 0 0 0 0 0 0 0 0
fl=(5)
fn=(45)
0
cfi=(5)
cfn=(17)
calls=0 0
0 4112 0 0 0 0 1 0 0 0 4112 0 0 0 0 1 0 0 0 0 0 0 0 0 0 0 0 0
fl=(5)
fn=(17)
0
cfi=(3)
cfn=(3)
calls=0 381
0 4112 0 0 0 0 1 0 0 0 4112 0 0 0 0 1 0 0 0 0 0 0 0 0 0 0 0 0
fl=(3)
fn=(3)
381 4112 0 0 0 0 1 0 0 0 4112 0 0 0 0 1 0 0 0 0 0 0 0 0 0 0 0 0

fl=(1)
fn=(1)
541
cfi=(5)
cfn=(7)
calls=0 0
541 4112 0 0 0 0 1 0 0 0 4112 0 0 0 0 1 0 0 0 0 0 0 0 0 0 0 0 0
fl=(5)
fn=(7)
0
cfi=(5)
cfn=(12)
calls=0 0
0 4112 0 0 0 0 1 0 0 0 4112 0 0 0 0 1 0 0 0 0 0 0 0 0 0 0 0 0
fl=(5)
fn=(12)
0
cfi=(5)
cfn=(13)
calls=0 0
0 4112 0 0 0 0 1 0 0 0 4112 0 0 0 0 1 0 0 0 0 0 0 0 0 0 0 0 0
fl=(5)
fn=(13)
0
cfi=(5)
cfn=(10)
calls=0 0
0 4112 0 0 0 0 1 0 0 0 4112 0 0 0 0 1 0 0 0 0 0 0 0 0 0 0 0 0
fl=(5)
fn=(10)
0
cfi=(5)
cfn=(43)
calls=0 0
0 4112 0 0 0 0 1 0 0 0 4112 0 0 0 0 1 0 0 0 0 0 0 0 0 0 0 0 0
fl=(5)
fn=(43)
0
cfi=(5)
cfn=(44)
calls=0 0
0 4112 0 0 0 0 1 0 0 0 4112 0 0 0 0 1 0 0 0 0 0 0 0 0 0 0 0 0
fl=(5)
fn=(44)
0
cfi=(5)
cfn=(45)
calls=0 0
0 4112 0 0 0 0 1 0 0 0 4112 0 0 0 0 1 0 0 0 0 0 0 0 0 0 0 0 0
fl=(5)
fn=(45)
0
cfi=(5)
cfn=(17)
calls=0 0
0 4112 0 0 0 0 1 0 0 0 4112 0 0 0 0 1 0 0 0 0 0 0 0 0 0 0 0 0
fl=(5)
fn=(17)
0
cfi=(3)
cfn=(3)
calls=0 381
0 4112 0 0 0 0 1 0 0 0 4112 0 0 0 0 1 0 0 0 0 0 0 0 0 0 0 0 0
fl=(3)
fn=(3)
381 4112 0 0 0 0 1 0 0 0 4112 0 0 0 0 1 0 0 0 0 0 0 0 0 0 0 0 0

fl=(1)
fn=(1)
541
cfi=(5)
cfn=(7)
calls=0 0
541 4112 0 0 0 0 1 0 0 0 4112 0 0 0 0 1 0 0 0 0 0 0 0 0 0 0 0 0
fl=(5)
fn=(7)
0
cfi=(5)
cfn=(12)
calls=0 0
0 4112 0 0 0 0 1 0 0 0 4112 0 0 0 0 1 0 0 0 0 0 0 0 0 0 0 0 0
fl=(5)
fn=(12)
0
cfi=(5)
cfn=(13)
calls=0 0
0 4112 0 0 0 0 1 0 0 0 4112 0 0 0 0 1 0 0 0 0 0 0 0 0 0 0 0 0
fl=(5)
fn=(13)
0
cfi=(5)
cfn=(10)
calls=0 0
0 4112 0 0 0 0 1 0 0 0 4112 0 0 0 0 1 0 0 0 0 0 0 0 0 0 0 0 0
fl=(5)
fn=(10)
0
cfi=(5)
cfn=(43)
calls=0 0
0 4112 0 0 0 0 1 0 0 0 4112 0 0 0 0 1 0 0 0 0 0 0 0 0 0 0 0 0
fl=(5)
fn=(43)
0
cfi=(5)
cfn=(44)
calls=0 0
0 4112 0 0 0 0 1 0 0 0 4112 0 0 0 0 1 0 0 0 0 0 0 0 0 0 0 0 0
fl=(5)
fn=(44)
0
cfi=(5)
cfn=(45)
calls=0 0
0 4112 0 0 0 0 1 0 0 0 4112 0 0 0 0 1 0 0 0 0 0 0 0 0 0 0 0 0
fl=(5)
fn=(45)
0
cfi=(5)
cfn=(17)
calls=0 0
0 4112 0 0 0 0 1 0 0 0 4112 0 0 0 0 1 0 0 0 0 0 0 0 0 0 0 0 0
fl=(5)
fn=(17)
0
cfi=(3)
cfn=(3)
calls=0 381
0 4112 0 0 0 0 1 0 0 0 4112 0 0 0 0 1 0 0 0 0 0 0 0 0 0 0 0 0
fl=(3)
fn=(3)
381 4112 0 0 0 0 1 0 0 0 4112 0 0 0 0 1 0 0 0 0 0 0 0 0 0 0 0 0

fl=(1)
fn=(1)
541
cfi=(5)
cfn=(7)
calls=0 0
541 4112 0 0 0 0 1 0 0 0 4112 0 0 0 0 1 0 0 0 0 0 0 0 0 0 0 0 0
fl=(5)
fn=(7)
0
cfi=(5)
cfn=(12)
calls=0 0
0 4112 0 0 0 0 1 0 0 0 4112 0 0 0 0 1 0 0 0 0 0 0 0 0 0 0 0 0
fl=(5)
fn=(12)
0
cfi=(5)
cfn=(13)
calls=0 0
0 4112 0 0 0 0 1 0 0 0 4112 0 0 0 0 1 0 0 0 0 0 0 0 0 0 0 0 0
fl=(5)
fn=(13)
0
cfi=(5)
cfn=(10)
calls=0 0
0 4112 0 0 0 0 1 0 0 0 4112 0 0 0 0 1 0 0 0 0 0 0 0 0 0 0 0 0
fl=(5)
fn=(10)
0
cfi=(5)
cfn=(43)
calls=0 0
0 4112 0 0 0 0 1 0 0 0 4112 0 0 0 0 1 0 0 0 0 0 0 0 0 0 0 0 0
fl=(5)
fn=(43)
0
cfi=(5)
cfn=(44)
calls=0 0
0 4112 0 0 0 0 1 0 0 0 4112 0 0 0 0 1 0 0 0 0 0 0 0 0 0 0 0 0
fl=(5)
fn=(44)
0
cfi=(5)
cfn=(45)
calls=0 0
0 4112 0 0 0 0 1 0 0 0 4112 0 0 0 0 1 0 0 0 0 0 0 0 0 0 0 0 0
fl=(5)
fn=(45)
0
cfi=(5)
cfn=(17)
calls=0 0
0 4112 0 0 0 0 1 0 0 0 4112 0 0 0 0 1 0 0 0 0 0 0 0 0 0 0 0 0
fl=(5)
fn=(17)
0
cfi=(3)
cfn=(3)
calls=0 381
0 4112 0 0 0 0 1 0 0 0 4112 0 0 0 0 1 0 0 0 0 0 0 0 0 0 0 0 0
fl=(3)
fn=(3)
381 4112 0 0 0 0 1 0 0 0 4112 0 0 0 0 1 0 0 0 0 0 0 0 0 0 0 0 0

fl=(1)
fn=(1)
541
cfi=(5)
cfn=(7)
calls=0 0
541 4112 0 0 0 0 1 0 0 0 4112 0 0 0 0 1 0 0 0 0 0 0 0 0 0 0 0 0
fl=(5)
fn=(7)
0
cfi=(5)
cfn=(12)
calls=0 0
0 4112 0 0 0 0 1 0 0 0 4112 0 0 0 0 1 0 0 0 0 0 0 0 0 0 0 0 0
fl=(5)
fn=(12)
0
cfi=(5)
cfn=(13)
calls=0 0
0 4112 0 0 0 0 1 0 0 0 4112 0 0 0 0 1 0 0 0 0 0 0 0 0 0 0 0 0
fl=(5)
fn=(13)
0
cfi=(5)
cfn=(10)
calls=0 0
0 4112 0 0 0 0 1 0 0 0 4112 0 0 0 0 1 0 0 0 0 0 0 0 0 0 0 0 0
fl=(5)
fn=(10)
0
cfi=(5)
cfn=(43)
calls=0 0
0 4112 0 0 0 0 1 0 0 0 4112 0 0 0 0 1 0 0 0 0 0 0 0 0 0 0 0 0
fl=(5)
fn=(43)
0
cfi=(5)
cfn=(44)
calls=0 0
0 4112 0 0 0 0 1 0 0 0 4112 0 0 0 0 1 0 0 0 0 0 0 0 0 0 0 0 0
fl=(5)
fn=(44)
0
cfi=(5)
cfn=(45)
calls=0 0
0 4112 0 0 0 0 1 0 0 0 4112 0 0 0 0 1 0 0 0 0 0 0 0 0 0 0 0 0
fl=(5)
fn=(45)
0
cfi=(5)
cfn=(17)
calls=0 0
0 4112 0 0 0 0 1 0 0 0 4112 0 0 0 0 1 0 0 0 0 0 0 0 0 0 0 0 0
fl=(5)
fn=(17)
0
cfi=(3)
cfn=(3)
calls=0 381
0 4112 0 0 0 0 1 0 0 0 4112 0 0 0 0 1 0 0 0 0 0 0 0 0 0 0 0 0
fl=(3)
fn=(3)
381 4112 0 0 0 0 1 0 0 0 4112 0 0 0 0 1 0 0 0 0 0 0 0 0 0 0 0 0

fl=(1)
fn=(1)
541
cfi=(5)
cfn=(7)
calls=0 0
541 4112 0 0 0 0 1 0 0 0 4112 0 0 0 0 1 0 0 0 0 0 0 0 0 0 0 0 0
fl=(5)
fn=(7)
0
cfi=(5)
cfn=(12)
calls=0 0
0 4112 0 0 0 0 1 0 0 0 4112 0 0 0 0 1 0 0 0 0 0 0 0 0 0 0 0 0
fl=(5)
fn=(12)
0
cfi=(5)
cfn=(13)
calls=0 0
0 4112 0 0 0 0 1 0 0 0 4112 0 0 0 0 1 0 0 0 0 0 0 0 0 0 0 0 0
fl=(5)
fn=(13)
0
cfi=(5)
cfn=(10)
calls=0 0
0 4112 0 0 0 0 1 0 0 0 4112 0 0 0 0 1 0 0 0 0 0 0 0 0 0 0 0 0
fl=(5)
fn=(10)
0
cfi=(5)
cfn=(43)
calls=0 0
0 4112 0 0 0 0 1 0 0 0 4112 0 0 0 0 1 0 0 0 0 0 0 0 0 0 0 0 0
fl=(5)
fn=(43)
0
cfi=(5)
cfn=(44)
calls=0 0
0 4112 0 0 0 0 1 0 0 0 4112 0 0 0 0 1 0 0 0 0 0 0 0 0 0 0 0 0
fl=(5)
fn=(44)
0
cfi=(5)
cfn=(45)
calls=0 0
0 4112 0 0 0 0 1 0 0 0 4112 0 0 0 0 1 0 0 0 0 0 0 0 0 0 0 0 0
fl=(5)
fn=(45)
0
cfi=(5)
cfn=(17)
calls=0 0
0 4112 0 0 0 0 1 0 0 0 4112 0 0 0 0 1 0 0 0 0 0 0 0 0 0 0 0 0
fl=(5)
fn=(17)
0
cfi=(3)
cfn=(3)
calls=0 381
0 4112 0 0 0 0 1 0 0 0 4112 0 0 0 0 1 0 0 0 0 0 0 0 0 0 0 0 0
fl=(3)
fn=(3)
381 4112 0 0 0 0 1 0 0 0 4112 0 0 0 0 1 0 0 0 0 0 0 0 0 0 0 0 0

fl=(1)
fn=(1)
541
cfi=(5)
cfn=(7)
calls=0 0
541 4112 0 0 0 0 1 0 0 0 4112 0 0 0 0 1 0 0 0 0 0 0 0 0 0 0 0 0
fl=(5)
fn=(7)
0
cfi=(5)
cfn=(12)
calls=0 0
0 4112 0 0 0 0 1 0 0 0 4112 0 0 0 0 1 0 0 0 0 0 0 0 0 0 0 0 0
fl=(5)
fn=(12)
0
cfi=(5)
cfn=(10)
calls=0 0
0 4112 0 0 0 0 1 0 0 0 4112 0 0 0 0 1 0 0 0 0 0 0 0 0 0 0 0 0
fl=(5)
fn=(10)
0
cfi=(5)
cfn=(43)
calls=0 0
0 4112 0 0 0 0 1 0 0 0 4112 0 0 0 0 1 0 0 0 0 0 0 0 0 0 0 0 0
fl=(5)
fn=(43)
0
cfi=(5)
cfn=(44)
calls=0 0
0 4112 0 0 0 0 1 0 0 0 4112 0 0 0 0 1 0 0 0 0 0 0 0 0 0 0 0 0
fl=(5)
fn=(44)
0
cfi=(5)
cfn=(45)
calls=0 0
0 4112 0 0 0 0 1 0 0 0 4112 0 0 0 0 1 0 0 0 0 0 0 0 0 0 0 0 0
fl=(5)
fn=(45)
0
cfi=(5)
cfn=(17)
calls=0 0
0 4112 0 0 0 0 1 0 0 0 4112 0 0 0 0 1 0 0 0 0 0 0 0 0 0 0 0 0
fl=(5)
fn=(17)
0
cfi=(3)
cfn=(3)
calls=0 381
0 4112 0 0 0 0 1 0 0 0 4112 0 0 0 0 1 0 0 0 0 0 0 0 0 0 0 0 0
fl=(3)
fn=(3)
381 4112 0 0 0 0 1 0 0 0 4112 0 0 0 0 1 0 0 0 0 0 0 0 0 0 0 0 0

fl=(1)
fn=(1)
541
cfi=(5)
cfn=(7)
calls=0 0
541 4112 0 0 0 0 1 0 0 0 4112 0 0 0 0 1 0 0 0 0 0 0 0 0 0 0 0 0
fl=(5)
fn=(7)
0
cfi=(5)
cfn=(12)
calls=0 0
0 4112 0 0 0 0 1 0 0 0 4112 0 0 0 0 1 0 0 0 0 0 0 0 0 0 0 0 0
fl=(5)
fn=(12)
0
cfi=(5)
cfn=(10)
calls=0 0
0 4112 0 0 0 0 1 0 0 0 4112 0 0 0 0 1 0 0 0 0 0 0 0 0 0 0 0 0
fl=(5)
fn=(10)
0
cfi=(5)
cfn=(43)
calls=0 0
0 4112 0 0 0 0 1 0 0 0 4112 0 0 0 0 1 0 0 0 0 0 0 0 0 0 0 0 0
fl=(5)
fn=(43)
0
cfi=(5)
cfn=(44)
calls=0 0
0 4112 0 0 0 0 1 0 0 0 4112 0 0 0 0 1 0 0 0 0 0 0 0 0 0 0 0 0
fl=(5)
fn=(44)
0
cfi=(5)
cfn=(45)
calls=0 0
0 4112 0 0 0 0 1 0 0 0 4112 0 0 0 0 1 0 0 0 0 0 0 0 0 0 0 0 0
fl=(5)
fn=(45)
0
cfi=(5)
cfn=(17)
calls=0 0
0 4112 0 0 0 0 1 0 0 0 4112 0 0 0 0 1 0 0 0 0 0 0 0 0 0 0 0 0
fl=(5)
fn=(17)
0
cfi=(3)
cfn=(3)
calls=0 381
0 4112 0 0 0 0 1 0 0 0 4112 0 0 0 0 1 0 0 0 0 0 0 0 0 0 0 0 0
fl=(3)
fn=(3)
381 4112 0 0 0 0 1 0 0 0 4112 0 0 0 0 1 0 0 0 0 0 0 0 0 0 0 0 0

fl=(1)
fn=(1)
541
cfi=(5)
cfn=(7)
calls=0 0
541 4112 0 0 0 0 1 0 0 0 4112 0 0 0 0 1 0 0 0 0 0 0 0 0 0 0 0 0
fl=(5)
fn=(7)
0
cfi=(5)
cfn=(12)
calls=0 0
0 4112 0 0 0 0 1 0 0 0 4112 0 0 0 0 1 0 0 0 0 0 0 0 0 0 0 0 0
fl=(5)
fn=(12)
0
cfi=(5)
cfn=(10)
calls=0 0
0 4112 0 0 0 0 1 0 0 0 4112 0 0 0 0 1 0 0 0 0 0 0 0 0 0 0 0 0
fl=(5)
fn=(10)
0
cfi=(5)
cfn=(43)
calls=0 0
0 4112 0 0 0 0 1 0 0 0 4112 0 0 0 0 1 0 0 0 0 0 0 0 0 0 0 0 0
fl=(5)
fn=(43)
0
cfi=(5)
cfn=(44)
calls=0 0
0 4112 0 0 0 0 1 0 0 0 4112 0 0 0 0 1 0 0 0 0 0 0 0 0 0 0 0 0
fl=(5)
fn=(44)
0
cfi=(5)
cfn=(45)
calls=0 0
0 4112 0 0 0 0 1 0 0 0 4112 0 0 0 0 1 0 0 0 0 0 0 0 0 0 0 0 0
fl=(5)
fn=(45)
0
cfi=(5)
cfn=(17)
calls=0 0
0 4112 0 0 0 0 1 0 0 0 4112 0 0 0 0 1 0 0 0 0 0 0 0 0 0 0 0 0
fl=(5)
fn=(17)
0
cfi=(3)
cfn=(3)
calls=0 381
0 4112 0 0 0 0 1 0 0 0 4112 0 0 0 0 1 0 0 0 0 0 0 0 0 0 0 0 0
fl=(3)
fn=(3)
381 4112 0 0 0 0 1 0 0 0 4112 0 0 0 0 1 0 0 0 0 0 0 0 0 0 0 0 0

fl=(1)
fn=(1)
541
cfi=(5)
cfn=(7)
calls=0 0
541 7952 0 0 0 0 1 0 0 0 7952 0 0 0 0 1 0 0 0 0 0 0 0 0 0 0 0 0
fl=(5)
fn=(7)
0
cfi=(5)
cfn=(12)
calls=0 0
0 7952 0 0 0 0 1 0 0 0 7952 0 0 0 0 1 0 0 0 0 0 0 0 0 0 0 0 0
fl=(5)
fn=(12)
0
cfi=(5)
cfn=(13)
calls=0 0
0 7952 0 0 0 0 1 0 0 0 7952 0 0 0 0 1 0 0 0 0 0 0 0 0 0 0 0 0
fl=(5)
fn=(13)
0
cfi=(5)
cfn=(46) tgetstr_sp
calls=0 0
0 7952 0 0 0 0 1 0 0 0 7952 0 0 0 0 1 0 0 0 0 0 0 0 0 0 0 0 0
fl=(5)
fn=(46)
0
cfi=(5)
cfn=(47) _nc_find_type_entry
calls=0 0
0 7952 0 0 0 0 1 0 0 0 7952 0 0 0 0 1 0 0 0 0 0 0 0 0 0 0 0 0
fl=(5)
fn=(47)
0
cfi=(5)
cfn=(10)
calls=0 0
0 7952 0 0 0 0 1 0 0 0 7952 0 0 0 0 1 0 0 0 0 0 0 0 0 0 0 0 0
fl=(5)
fn=(10)
0
cfi=(3)
cfn=(33)
calls=0 1328
0 7952 0 0 0 0 1 0 0 0 7952 0 0 0 0 1 0 0 0 0 0 0 0 0 0 0 0 0
fl=(3)
fn=(33)
1328 7952 0 0 0 0 1 0 0 0 7952 0 0 0 0 1 0 0 0 0 0 0 0 0 0 0 0 0

fl=(1)
fn=(1)
541
cfi=(5)
cfn=(7)
calls=0 0
541 8224 0 0 0 0 2 0 0 0 8224 0 0 0 0 2 0 0 0 0 0 0 0 0 0 0 0 0
fl=(5)
fn=(7)
0
cfi=(5)
cfn=(12)
calls=0 0
0 8224 0 0 0 0 2 0 0 0 8224 0 0 0 0 2 0 0 0 0 0 0 0 0 0 0 0 0
fl=(5)
fn=(12)
0
cfi=(5)
cfn=(13)
calls=0 0
0 8224 0 0 0 0 2 0 0 0 8224 0 0 0 0 2 0 0 0 0 0 0 0 0 0 0 0 0
fl=(5)
fn=(13)
0
cfi=(5)
cfn=(10)
calls=0 0
0 8224 0 0 0 0 2 0 0 0 8224 0 0 0 0 2 0 0 0 0 0 0 0 0 0 0 0 0
fl=(5)
fn=(10)
0
cfi=(5)
cfn=(43)
calls=0 0
0 8224 0 0 0 0 2 0 0 0 8224 0 0 0 0 2 0 0 0 0 0 0 0 0 0 0 0 0
fl=(5)
fn=(43)
0
cfi=(5)
cfn=(44)
calls=0 0
0 8224 0 0 0 0 2 0 0 0 8224 0 0 0 0 2 0 0 0 0 0 0 0 0 0 0 0 0
fl=(5)
fn=(44)
0
cfi=(5)
cfn=(45)
calls=0 0
0 8224 0 0 0 0 2 0 0 0 8224 0 0 0 0 2 0 0 0 0 0 0 0 0 0 0 0 0
fl=(5)
fn=(45)
0
cfi=(5)
cfn=(17)
calls=0 0
0 8224 0 0 0 0 2 0 0 0 8224 0 0 0 0 2 0 0 0 0 0 0 0 0 0 0 0 0
fl=(5)
fn=(17)
0
cfi=(3)
cfn=(3)
calls=0 381
0 8224 0 0 0 0 2 0 0 0 8224 0 0 0 0 2 0 0 0 0 0 0 0 0 0 0 0 0
fl=(3)
fn=(3)
381 8224 0 0 0 0 2 0 0 0 8224 0 0 0 0 2 0 0 0 0 0 0 0 0 0 0 0 0

fl=(1)
fn=(1)
541
cfi=(5)
cfn=(7)
calls=0 0
541 8224 0 0 0 0 2 0 0 0 8224 0 0 0 0 2 0 0 0 0 0 0 0 0 0 0 0 0
fl=(5)
fn=(7)
0
cfi=(5)
cfn=(12)
calls=0 0
0 8224 0 0 0 0 2 0 0 0 8224 0 0 0 0 2 0 0 0 0 0 0 0 0 0 0 0 0
fl=(5)
fn=(12)
0
cfi=(5)
cfn=(13)
calls=0 0
0 8224 0 0 0 0 2 0 0 0 8224 0 0 0 0 2 0 0 0 0 0 0 0 0 0 0 0 0
fl=(5)
fn=(13)
0
cfi=(5)
cfn=(10)
calls=0 0
0 8224 0 0 0 0 2 0 0 0 8224 0 0 0 0 2 0 0 0 0 0 0 0 0 0 0 0 0
fl=(5)
fn=(10)
0
cfi=(5)
cfn=(43)
calls=0 0
0 8224 0 0 0 0 2 0 0 0 8224 0 0 0 0 2 0 0 0 0 0 0 0 0 0 0 0 0
fl=(5)
fn=(43)
0
cfi=(5)
cfn=(44)
calls=0 0
0 8224 0 0 0 0 2 0 0 0 8224 0 0 0 0 2 0 0 0 0 0 0 0 0 0 0 0 0
fl=(5)
fn=(44)
0
cfi=(5)
cfn=(45)
calls=0 0
0 8224 0 0 0 0 2 0 0 0 8224 0 0 0 0 2 0 0 0 0 0 0 0 0 0 0 0 0
fl=(5)
fn=(45)
0
cfi=(5)
cfn=(17)
calls=0 0
0 8224 0 0 0 0 2 0 0 0 8224 0 0 0 0 2 0 0 0 0 0 0 0 0 0 0 0 0
fl=(5)
fn=(17)
0
cfi=(3)
cfn=(3)
calls=0 381
0 8224 0 0 0 0 2 0 0 0 8224 0 0 0 0 2 0 0 0 0 0 0 0 0 0 0 0 0
fl=(3)
fn=(3)
381 8224 0 0 0 0 2 0 0 0 8224 0 0 0 0 2 0 0 0 0 0 0 0 0 0 0 0 0

fl=(1)
fn=(1)
541
cfi=(5)
cfn=(7)
calls=0 0
541 8224 0 0 0 0 2 0 0 0 8224 0 0 0 0 2 0 0 0 0 0 0 0 0 0 0 0 0
fl=(5)
fn=(7)
0
cfi=(5)
cfn=(12)
calls=0 0
0 8224 0 0 0 0 2 0 0 0 8224 0 0 0 0 2 0 0 0 0 0 0 0 0 0 0 0 0
fl=(5)
fn=(12)
0
cfi=(5)
cfn=(13)
calls=0 0
0 8224 0 0 0 0 2 0 0 0 8224 0 0 0 0 2 0 0 0 0 0 0 0 0 0 0 0 0
fl=(5)
fn=(13)
0
cfi=(5)
cfn=(10)
calls=0 0
0 8224 0 0 0 0 2 0 0 0 8224 0 0 0 0 2 0 0 0 0 0 0 0 0 0 0 0 0
fl=(5)
fn=(10)
0
cfi=(5)
cfn=(43)
calls=0 0
0 8224 0 0 0 0 2 0 0 0 8224 0 0 0 0 2 0 0 0 0 0 0 0 0 0 0 0 0
fl=(5)
fn=(43)
0
cfi=(5)
cfn=(44)
calls=0 0
0 8224 0 0 0 0 2 0 0 0 8224 0 0 0 0 2 0 0 0 0 0 0 0 0 0 0 0 0
fl=(5)
fn=(44)
0
cfi=(5)
cfn=(45)
calls=0 0
0 8224 0 0 0 0 2 0 0 0 8224 0 0 0 0 2 0 0 0 0 0 0 0 0 0 0 0 0
fl=(5)
fn=(45)
0
cfi=(5)
cfn=(17)
calls=0 0
0 8224 0 0 0 0 2 0 0 0 8224 0 0 0 0 2 0 0 0 0 0 0 0 0 0 0 0 0
fl=(5)
fn=(17)
0
cfi=(3)
cfn=(3)
calls=0 381
0 8224 0 0 0 0 2 0 0 0 8224 0 0 0 0 2 0 0 0 0 0 0 0 0 0 0 0 0
fl=(3)
fn=(3)
381 8224 0 0 0 0 2 0 0 0 8224 0 0 0 0 2 0 0 0 0 0 0 0 0 0 0 0 0

fl=(1)
fn=(1)
541
cfi=(5)
cfn=(7)
calls=0 0
541 8224 0 0 0 0 2 0 0 0 8224 0 0 0 0 2 0 0 0 0 0 0 0 0 0 0 0 0
fl=(5)
fn=(7)
0
cfi=(5)
cfn=(12)
calls=0 0
0 8224 0 0 0 0 2 0 0 0 8224 0 0 0 0 2 0 0 0 0 0 0 0 0 0 0 0 0
fl=(5)
fn=(12)
0
cfi=(5)
cfn=(13)
calls=0 0
0 8224 0 0 0 0 2 0 0 0 8224 0 0 0 0 2 0 0 0 0 0 0 0 0 0 0 0 0
fl=(5)
fn=(13)
0
cfi=(5)
cfn=(10)
calls=0 0
0 8224 0 0 0 0 2 0 0 0 8224 0 0 0 0 2 0 0 0 0 0 0 0 0 0 0 0 0
fl=(5)
fn=(10)
0
cfi=(5)
cfn=(43)
calls=0 0
0 8224 0 0 0 0 2 0 0 0 8224 0 0 0 0 2 0 0 0 0 0 0 0 0 0 0 0 0
fl=(5)
fn=(43)
0
cfi=(5)
cfn=(44)
calls=0 0
0 8224 0 0 0 0 2 0 0 0 8224 0 0 0 0 2 0 0 0 0 0 0 0 0 0 0 0 0
fl=(5)
fn=(44)
0
cfi=(5)
cfn=(45)
calls=0 0
0 8224 0 0 0 0 2 0 0 0 8224 0 0 0 0 2 0 0 0 0 0 0 0 0 0 0 0 0
fl=(5)
fn=(45)
0
cfi=(5)
cfn=(17)
calls=0 0
0 8224 0 0 0 0 2 0 0 0 8224 0 0 0 0 2 0 0 0 0 0 0 0 0 0 0 0 0
fl=(5)
fn=(17)
0
cfi=(3)
cfn=(3)
calls=0 381
0 8224 0 0 0 0 2 0 0 0 8224 0 0 0 0 2 0 0 0 0 0 0 0 0 0 0 0 0
fl=(3)
fn=(3)
381 8224 0 0 0 0 2 0 0 0 8224 0 0 0 0 2 0 0 0 0 0 0 0 0 0 0 0 0

fl=(1)
fn=(1)
541
cfi=(5)
cfn=(7)
calls=0 0
541 8224 0 0 0 0 2 0 0 0 8224 0 0 0 0 2 0 0 0 0 0 0 0 0 0 0 0 0
fl=(5)
fn=(7)
0
cfi=(5)
cfn=(12)
calls=0 0
0 8224 0 0 0 0 2 0 0 0 8224 0 0 0 0 2 0 0 0 0 0 0 0 0 0 0 0 0
fl=(5)
fn=(12)
0
cfi=(5)
cfn=(13)
calls=0 0
0 8224 0 0 0 0 2 0 0 0 8224 0 0 0 0 2 0 0 0 0 0 0 0 0 0 0 0 0
fl=(5)
fn=(13)
0
cfi=(5)
cfn=(10)
calls=0 0
0 8224 0 0 0 0 2 0 0 0 8224 0 0 0 0 2 0 0 0 0 0 0 0 0 0 0 0 0
fl=(5)
fn=(10)
0
cfi=(5)
cfn=(43)
calls=0 0
0 8224 0 0 0 0 2 0 0 0 8224 0 0 0 0 2 0 0 0 0 0 0 0 0 0 0 0 0
fl=(5)
fn=(43)
0
cfi=(5)
cfn=(44)
calls=0 0
0 8224 0 0 0 0 2 0 0 0 8224 0 0 0 0 2 0 0 0 0 0 0 0 0 0 0 0 0
fl=(5)
fn=(44)
0
cfi=(5)
cfn=(45)
calls=0 0
0 8224 0 0 0 0 2 0 0 0 8224 0 0 0 0 2 0 0 0 0 0 0 0 0 0 0 0 0
fl=(5)
fn=(45)
0
cfi=(5)
cfn=(17)
calls=0 0
0 8224 0 0 0 0 2 0 0 0 8224 0 0 0 0 2 0 0 0 0 0 0 0 0 0 0 0 0
fl=(5)
fn=(17)
0
cfi=(3)
cfn=(3)
calls=0 381
0 8224 0 0 0 0 2 0 0 0 8224 0 0 0 0 2 0 0 0 0 0 0 0 0 0 0 0 0
fl=(3)
fn=(3)
381 8224 0 0 0 0 2 0 0 0 8224 0 0 0 0 2 0 0 0 0 0 0 0 0 0 0 0 0

fl=(1)
fn=(1)
541
cfi=(5)
cfn=(7)
calls=0 0
541 8224 0 0 0 0 2 0 0 0 8224 0 0 0 0 2 0 0 0 0 0 0 0 0 0 0 0 0
fl=(5)
fn=(7)
0
cfi=(5)
cfn=(12)
calls=0 0
0 8224 0 0 0 0 2 0 0 0 8224 0 0 0 0 2 0 0 0 0 0 0 0 0 0 0 0 0
fl=(5)
fn=(12)
0
cfi=(5)
cfn=(10)
calls=0 0
0 8224 0 0 0 0 2 0 0 0 8224 0 0 0 0 2 0 0 0 0 0 0 0 0 0 0 0 0
fl=(5)
fn=(10)
0
cfi=(5)
cfn=(43)
calls=0 0
0 8224 0 0 0 0 2 0 0 0 8224 0 0 0 0 2 0 0 0 0 0 0 0 0 0 0 0 0
fl=(5)
fn=(43)
0
cfi=(5)
cfn=(44)
calls=0 0
0 8224 0 0 0 0 2 0 0 0 8224 0 0 0 0 2 0 0 0 0 0 0 0 0 0 0 0 0
fl=(5)
fn=(44)
0
cfi=(5)
cfn=(45)
calls=0 0
0 8224 0 0 0 0 2 0 0 0 8224 0 0 0 0 2 0 0 0 0 0 0 0 0 0 0 0 0
fl=(5)
fn=(45)
0
cfi=(5)
cfn=(17)
calls=0 0
0 8224 0 0 0 0 2 0 0 0 8224 0 0 0 0 2 0 0 0 0 0 0 0 0 0 0 0 0
fl=(5)
fn=(17)
0
cfi=(3)
cfn=(3)
calls=0 381
0 8224 0 0 0 0 2 0 0 0 8224 0 0 0 0 2 0 0 0 0 0 0 0 0 0 0 0 0
fl=(3)
fn=(3)
381 8224 0 0 0 0 2 0 0 0 8224 0 0 0 0 2 0 0 0 0 0 0 0 0 0 0 0 0

fl=(1)
fn=(1)
541
cfi=(5)
cfn=(7)
calls=0 0
541 8224 0 0 0 0 2 0 0 0 8224 0 0 0 0 2 0 0 0 0 0 0 0 0 0 0 0 0
fl=(5)
fn=(7)
0
cfi=(5)
cfn=(12)
calls=0 0
0 8224 0 0 0 0 2 0 0 0 8224 0 0 0 0 2 0 0 0 0 0 0 0 0 0 0 0 0
fl=(5)
fn=(12)
0
cfi=(5)
cfn=(10)
calls=0 0
0 8224 0 0 0 0 2 0 0 0 8224 0 0 0 0 2 0 0 0 0 0 0 0 0 0 0 0 0
fl=(5)
fn=(10)
0
cfi=(5)
cfn=(43)
calls=0 0
0 8224 0 0 0 0 2 0 0 0 8224 0 0 0 0 2 0 0 0 0 0 0 0 0 0 0 0 0
fl=(5)
fn=(43)
0
cfi=(5)
cfn=(44)
calls=0 0
0 8224 0 0 0 0 2 0 0 0 8224 0 0 0 0 2 0 0 0 0 0 0 0 0 0 0 0 0
fl=(5)
fn=(44)
0
cfi=(5)
cfn=(45)
calls=0 0
0 8224 0 0 0 0 2 0 0 0 8224 0 0 0 0 2 0 0 0 0 0 0 0 0 0 0 0 0
fl=(5)
fn=(45)
0
cfi=(5)
cfn=(17)
calls=0 0
0 8224 0 0 0 0 2 0 0 0 8224 0 0 0 0 2 0 0 0 0 0 0 0 0 0 0 0 0
fl=(5)
fn=(17)
0
cfi=(3)
cfn=(3)
calls=0 381
0 8224 0 0 0 0 2 0 0 0 8224 0 0 0 0 2 0 0 0 0 0 0 0 0 0 0 0 0
fl=(3)
fn=(3)
381 8224 0 0 0 0 2 0 0 0 8224 0 0 0 0 2 0 0 0 0 0 0 0 0 0 0 0 0

fl=(1)
fn=(1)
541
cfi=(5)
cfn=(7)
calls=0 0
541 8224 0 0 0 0 2 0 0 0 8224 0 0 0 0 2 0 0 0 0 0 0 0 0 0 0 0 0
fl=(5)
fn=(7)
0
cfi=(5)
cfn=(12)
calls=0 0
0 8224 0 0 0 0 2 0 0 0 8224 0 0 0 0 2 0 0 0 0 0 0 0 0 0 0 0 0
fl=(5)
fn=(12)
0
cfi=(5)
cfn=(10)
calls=0 0
0 8224 0 0 0 0 2 0 0 0 8224 0 0 0 0 2 0 0 0 0 0 0 0 0 0 0 0 0
fl=(5)
fn=(10)
0
cfi=(5)
cfn=(43)
calls=0 0
0 8224 0 0 0 0 2 0 0 0 8224 0 0 0 0 2 0 0 0 0 0 0 0 0 0 0 0 0
fl=(5)
fn=(43)
0
cfi=(5)
cfn=(44)
calls=0 0
0 8224 0 0 0 0 2 0 0 0 8224 0 0 0 0 2 0 0 0 0 0 0 0 0 0 0 0 0
fl=(5)
fn=(44)
0
cfi=(5)
cfn=(45)
calls=0 0
0 8224 0 0 0 0 2 0 0 0 8224 0 0 0 0 2 0 0 0 0 0 0 0 0 0 0 0 0
fl=(5)
fn=(45)
0
cfi=(5)
cfn=(17)
calls=0 0
0 8224 0 0 0 0 2 0 0 0 8224 0 0 0 0 2 0 0 0 0 0 0 0 0 0 0 0 0
fl=(5)
fn=(17)
0
cfi=(3)
cfn=(3)
calls=0 381
0 8224 0 0 0 0 2 0 0 0 8224 0 0 0 0 2 0 0 0 0 0 0 0 0 0 0 0 0
fl=(3)
fn=(3)
381 8224 0 0 0 0 2 0 0 0 8224 0 0 0 0 2 0 0 0 0 0 0 0 0 0 0 0 0

fl=(1)
fn=(1)
541
cfi=(5)
cfn=(7)
calls=0 0
541 8224 0 0 0 0 2 0 0 0 8224 0 0 0 0 2 0 0 0 0 0 0 0 0 0 0 0 0
fl=(5)
fn=(7)
0
cfi=(5)
cfn=(12)
calls=0 0
0 8224 0 0 0 0 2 0 0 0 8224 0 0 0 0 2 0 0 0 0 0 0 0 0 0 0 0 0
fl=(5)
fn=(12)
0
cfi=(5)
cfn=(43)
calls=0 0
0 8224 0 0 0 0 2 0 0 0 8224 0 0 0 0 2 0 0 0 0 0 0 0 0 0 0 0 0
fl=(5)
fn=(43)
0
cfi=(5)
cfn=(44)
calls=0 0
0 8224 0 0 0 0 2 0 0 0 8224 0 0 0 0 2 0 0 0 0 0 0 0 0 0 0 0 0
fl=(5)
fn=(44)
0
cfi=(5)
cfn=(45)
calls=0 0
0 8224 0 0 0 0 2 0 0 0 8224 0 0 0 0 2 0 0 0 0 0 0 0 0 0 0 0 0
fl=(5)
fn=(45)
0
cfi=(5)
cfn=(17)
calls=0 0
0 8224 0 0 0 0 2 0 0 0 8224 0 0 0 0 2 0 0 0 0 0 0 0 0 0 0 0 0
fl=(5)
fn=(17)
0
cfi=(3)
cfn=(3)
calls=0 381
0 8224 0 0 0 0 2 0 0 0 8224 0 0 0 0 2 0 0 0 0 0 0 0 0 0 0 0 0
fl=(3)
fn=(3)
381 8224 0 0 0 0 2 0 0 0 8224 0 0 0 0 2 0 0 0 0 0 0 0 0 0 0 0 0

fl=(1)
fn=(1)
541
cfi=(5)
cfn=(7)
calls=0 0
541 8224 0 0 0 0 2 0 0 0 8224 0 0 0 0 2 0 0 0 0 0 0 0 0 0 0 0 0
fl=(5)
fn=(7)
0
cfi=(5)
cfn=(12)
calls=0 0
0 8224 0 0 0 0 2 0 0 0 8224 0 0 0 0 2 0 0 0 0 0 0 0 0 0 0 0 0
fl=(5)
fn=(12)
0
cfi=(5)
cfn=(43)
calls=0 0
0 8224 0 0 0 0 2 0 0 0 8224 0 0 0 0 2 0 0 0 0 0 0 0 0 0 0 0 0
fl=(5)
fn=(43)
0
cfi=(5)
cfn=(44)
calls=0 0
0 8224 0 0 0 0 2 0 0 0 8224 0 0 0 0 2 0 0 0 0 0 0 0 0 0 0 0 0
fl=(5)
fn=(44)
0
cfi=(5)
cfn=(45)
calls=0 0
0 8224 0 0 0 0 2 0 0 0 8224 0 0 0 0 2 0 0 0 0 0 0 0 0 0 0 0 0
fl=(5)
fn=(45)
0
cfi=(5)
cfn=(17)
calls=0 0
0 8224 0 0 0 0 2 0 0 0 8224 0 0 0 0 2 0 0 0 0 0 0 0 0 0 0 0 0
fl=(5)
fn=(17)
0
cfi=(3)
cfn=(3)
calls=0 381
0 8224 0 0 0 0 2 0 0 0 8224 0 0 0 0 2 0 0 0 0 0 0 0 0 0 0 0 0
fl=(3)
fn=(3)
381 8224 0 0 0 0 2 0 0 0 8224 0 0 0 0 2 0 0 0 0 0 0 0 0 0 0 0 0

fl=(1)
fn=(1)
541
cfi=(5)
cfn=(7)
calls=0 0
541 12336 0 0 0 0 3 0 0 0 12336 0 0 0 0 3 0 0 0 0 0 0 0 0 0 0 0 0
fl=(5)
fn=(7)
0
cfi=(5)
cfn=(12)
calls=0 0
0 12336 0 0 0 0 3 0 0 0 12336 0 0 0 0 3 0 0 0 0 0 0 0 0 0 0 0 0
fl=(5)
fn=(12)
0
cfi=(5)
cfn=(10)
calls=0 0
0 12336 0 0 0 0 3 0 0 0 12336 0 0 0 0 3 0 0 0 0 0 0 0 0 0 0 0 0
fl=(5)
fn=(10)
0
cfi=(5)
cfn=(43)
calls=0 0
0 12336 0 0 0 0 3 0 0 0 12336 0 0 0 0 3 0 0 0 0 0 0 0 0 0 0 0 0
fl=(5)
fn=(43)
0
cfi=(5)
cfn=(44)
calls=0 0
0 12336 0 0 0 0 3 0 0 0 12336 0 0 0 0 3 0 0 0 0 0 0 0 0 0 0 0 0
fl=(5)
fn=(44)
0
cfi=(5)
cfn=(45)
calls=0 0
0 12336 0 0 0 0 3 0 0 0 12336 0 0 0 0 3 0 0 0 0 0 0 0 0 0 0 0 0
fl=(5)
fn=(45)
0
cfi=(5)
cfn=(17)
calls=0 0
0 12336 0 0 0 0 3 0 0 0 12336 0 0 0 0 3 0 0 0 0 0 0 0 0 0 0 0 0
fl=(5)
fn=(17)
0
cfi=(3)
cfn=(3)
calls=0 381
0 12336 0 0 0 0 3 0 0 0 12336 0 0 0 0 3 0 0 0 0 0 0 0 0 0 0 0 0
fl=(3)
fn=(3)
381 12336 0 0 0 0 3 0 0 0 12336 0 0 0 0 3 0 0 0 0 0 0 0 0 0 0 0 0

fl=(1)
fn=(1)
541
cfi=(5)
cfn=(7)
calls=0 0
541 12336 0 0 0 0 3 0 0 0 12336 0 0 0 0 3 0 0 0 0 0 0 0 0 0 0 0 0
fl=(5)
fn=(7)
0
cfi=(5)
cfn=(12)
calls=0 0
0 12336 0 0 0 0 3 0 0 0 12336 0 0 0 0 3 0 0 0 0 0 0 0 0 0 0 0 0
fl=(5)
fn=(12)
0
cfi=(5)
cfn=(10)
calls=0 0
0 12336 0 0 0 0 3 0 0 0 12336 0 0 0 0 3 0 0 0 0 0 0 0 0 0 0 0 0
fl=(5)
fn=(10)
0
cfi=(5)
cfn=(43)
calls=0 0
0 12336 0 0 0 0 3 0 0 0 12336 0 0 0 0 3 0 0 0 0 0 0 0 0 0 0 0 0
fl=(5)
fn=(43)
0
cfi=(5)
cfn=(44)
calls=0 0
0 12336 0 0 0 0 3 0 0 0 12336 0 0 0 0 3 0 0 0 0 0 0 0 0 0 0 0 0
fl=(5)
fn=(44)
0
cfi=(5)
cfn=(45)
calls=0 0
0 12336 0 0 0 0 3 0 0 0 12336 0 0 0 0 3 0 0 0 0 0 0 0 0 0 0 0 0
fl=(5)
fn=(45)
0
cfi=(5)
cfn=(17)
calls=0 0
0 12336 0 0 0 0 3 0 0 0 12336 0 0 0 0 3 0 0 0 0 0 0 0 0 0 0 0 0
fl=(5)
fn=(17)
0
cfi=(3)
cfn=(3)
calls=0 381
0 12336 0 0 0 0 3 0 0 0 12336 0 0 0 0 3 0 0 0 0 0 0 0 0 0 0 0 0
fl=(3)
fn=(3)
381 12336 0 0 0 0 3 0 0 0 12336 0 0 0 0 3 0 0 0 0 0 0 0 0 0 0 0 0

fl=(1)
fn=(1)
541
cfi=(5)
cfn=(7)
calls=0 0
541 24672 0 0 0 0 6 0 0 0 24672 0 0 0 0 6 0 0 0 0 0 0 0 0 0 0 0 0
fl=(5)
fn=(7)
0
cfi=(5)
cfn=(12)
calls=0 0
0 24672 0 0 0 0 6 0 0 0 24672 0 0 0 0 6 0 0 0 0 0 0 0 0 0 0 0 0
fl=(5)
fn=(12)
0
cfi=(5)
cfn=(10)
calls=0 0
0 24672 0 0 0 0 6 0 0 0 24672 0 0 0 0 6 0 0 0 0 0 0 0 0 0 0 0 0
fl=(5)
fn=(10)
0
cfi=(5)
cfn=(28)
calls=0 0
0 24672 0 0 0 0 6 0 0 0 24672 0 0 0 0 6 0 0 0 0 0 0 0 0 0 0 0 0
fl=(5)
fn=(28)
0
cfi=(5)
cfn=(44)
calls=0 0
0 24672 0 0 0 0 6 0 0 0 24672 0 0 0 0 6 0 0 0 0 0 0 0 0 0 0 0 0
fl=(5)
fn=(44)
0
cfi=(5)
cfn=(45)
calls=0 0
0 24672 0 0 0 0 6 0 0 0 24672 0 0 0 0 6 0 0 0 0 0 0 0 0 0 0 0 0
fl=(5)
fn=(45)
0
cfi=(5)
cfn=(17)
calls=0 0
0 24672 0 0 0 0 6 0 0 0 24672 0 0 0 0 6 0 0 0 0 0 0 0 0 0 0 0 0
fl=(5)
fn=(17)
0
cfi=(3)
cfn=(3)
calls=0 381
0 24672 0 0 0 0 6 0 0 0 24672 0 0 0 0 6 0 0 0 0 0 0 0 0 0 0 0 0
fl=(3)
fn=(3)
381 24672 0 0 0 0 6 0 0 0 24672 0 0 0 0 6 0 0 0 0 0 0 0 0 0 0 0 0

totals: 228249 0 1599 2529 1599 237 0 6 42 228249 0 1599 2529 1599 237 0 6 42 0 0 0 0 0 0 0 0 0
